/*********************************************
 * OPL 12.8.0.0 Model
 * Author: sebashc
 * Creation Date: 18/05/2018 at 4:11:38 p. m.
 *********************************************/
 execute
{
cplex.tilim=3600;
cplex.epgap=0.01;
} 
 
/***Constants***/
int depots=1; // Number of depots
int positions=84; // Number of current positions + (current positions + posibles positions)
int currentPositions=21; // Current positions
int vehicles=3; // Number of vehicles
//int maxCompartments=153; // Number of max compartments of the vehicle

/***Sets***/
range D=1..depots; // Set of depots
range V=1..depots+positions; // Set of vertices
range S=depots+1..depots+positions; // Set of current positions + posibles positions
range A=depots+1..depots+currentPositions; // Set of current positions
range K=1..vehicles; // Set of vehicles
//range M=1..maxCompartments; // Set of posibles configurations of compartments

/***Parametres***/
float c[V][V]=
[[0, 49.366, 48.0833, 41.7852, 40.7185, 36.7151, 31.0161, 31.3847, 24.1868, 27.6586, 17.2627, 23.3452, 11.1803, 16.0312, 7.07107, 20.2485, 9.84886, 22.0907, 29.0689, 30.5287, 31.6228, 33.541, 46.3897, 52.6118, 46.6905, 49.4773, 51.2445, 50.448, 44.2719, 39.3954, 38.8973, 42.0595, 38.0132, 41.4367, 33.541, 35.2278, 33.121, 31.257, 33.0151, 34.0588, 30, 31.7805, 28.178, 24, 27.1662, 23.7697, 24.0832, 31.1448, 30.4138, 18.9737, 18.0278, 15, 25, 21.4009, 21.4009, 12.083, 14.0357, 11.0454, 19.105, 14.1421, 17.1172, 7.28011, 7.28011, 8.06226, 16.7631, 23.4094, 21.4709, 8.06226, 12.6491, 7.07107, 21.587, 24.0208, 19.0263, 30.2324, 29.4109, 26.2488, 28.0179, 27.2947, 28.6007, 30.4631, 29.1548, 28.4605, 36.6742, 35.171, 35.2278],
[49.366, 0, 8.544, 23.2594, 25.9422, 20.8087, 18.6815, 24.1661, 26.5707, 30.4631, 32.1403, 40.2244, 47.2652, 54.626, 56.2228, 57.4891, 58.8558, 71.1126, 72.1803, 78.1601, 79.1012, 82.8734, 3, 3.60555, 3.60555, 6.08276, 9, 6, 21.1896, 25.5539, 21.6333, 28.6356, 27.4591, 22.3607, 21.0238, 24.4131, 22.3607, 18.1108, 17.4642, 15.5242, 27.7308, 21.1896, 25, 25.7099, 23.7697, 28.6356, 32.573, 30.0167, 30.8869, 31, 32, 34.5254, 42.8019, 42.72, 42.72, 44.2832, 48.6621, 50.2494, 56.7979, 51.0784, 52.3259, 56.5685, 56.5685, 56.0357, 54.9181, 59.203, 60.4152, 57.4282, 61.8142, 56.4358, 70.0071, 73.3348, 68.1836, 74.8131, 73.8241, 69.8713, 75.2861, 75.4321, 75.5844, 77.2334, 76.1643, 76.0592, 85.9884, 84.3445, 84.5931],
[48.0833, 8.544, 0, 29.8329, 32.28, 14.5602, 19.8494, 19.105, 27.8029, 25.318, 31.0161, 43.1393, 44.1022, 55.7584, 54.5711, 53.2353, 57.8705, 69.0507, 68.1836, 78, 76.1052, 81.4923, 8, 8.48528, 6, 2.82843, 3.16228, 3.60555, 28.2843, 31.6228, 27.5136, 35.171, 33.2415, 28.8617, 16.0312, 18.0278, 17.1172, 18.0278, 19.8494, 16.9706, 22.3607, 17.0294, 21.0238, 26.0768, 25.4951, 30.4795, 28.0713, 24.0416, 25, 29.1204, 30.0832, 34.0147, 46.0109, 45.2769, 45.2769, 41.1096, 45, 47.0956, 58.2495, 52.1536, 53.8238, 55.3624, 55.3624, 53.9351, 51.0392, 54.5894, 56.2228, 56.0446, 60.7289, 55.0818, 67.6018, 71.5891, 66.2873, 71.0634, 70.0643, 66.0681, 75.2396, 75.0267, 75.6439, 74.027, 73.0616, 73.171, 84.6463, 83.2406, 82.9759],
[41.7852, 23.2594, 29.8329, 0, 2.82843, 33.7343, 17.8885, 33.2415, 19.2094, 37.5899, 28.4253, 23.0868, 45.2217, 40.0125, 48.7032, 57.2014, 49.2443, 63.3246, 69.8355, 65.0077, 73.3894, 72.5603, 22.1359, 26.4197, 24.0416, 28.4605, 31.6228, 28.7924, 3.16228, 3.16228, 3.60555, 5.38516, 5.38516, 1, 31.3209, 36.4006, 32.573, 20.6155, 15.2315, 17.72, 36.2491, 29.7321, 31.305, 21.2132, 16.9706, 18.3576, 37.4433, 39.3954, 39.8121, 29.6985, 30.4138, 28.3019, 24.5153, 26.0768, 26.0768, 42.8019, 47.8017, 47.7074, 41.1947, 37.0135, 37.054, 47.8017, 47.8017, 49.7695, 53.8238, 59.8164, 59.6406, 49.0408, 52.1728, 48.0833, 63.2456, 64.5368, 60.1664, 71.5542, 70.6612, 67.1193, 62.0081, 63.0317, 62.0322, 72.2357, 70.9366, 70.2282, 75.4255, 73.2462, 74.8131],
[40.7185, 25.9422, 32.28, 2.82843, 0, 35.3553, 18.9737, 34.4819, 19.105, 38.4838, 28.2843, 21, 44.8219, 38.0132, 47.5395, 56.8507, 47.8017, 61.9839, 69.1158, 63.0079, 72.2357, 70.859, 24.6982, 29.1548, 26.5707, 31.0161, 34.176, 31.3847, 5.83095, 1.41421, 5, 3, 3, 3.60555, 32.7567, 37.855, 33.9559, 21.8403, 16.4924, 19.2354, 37.3363, 31.0483, 32.311, 21.4009, 17.2047, 17.8045, 38.0789, 40.4969, 40.8534, 29.8329, 30.4795, 27.8029, 22.2036, 24, 24, 42.5206, 47.5079, 47.2017, 39.0512, 35.1283, 35, 46.4866, 46.4866, 48.7545, 53.4135, 59.5483, 59.203, 47.7598, 50.6952, 46.8188, 62.0322, 63.0635, 58.8218, 70.7107, 69.8355, 66.3702, 60.0083, 61.131, 60, 71.1758, 69.857, 69.0797, 73.6817, 71.4493, 73.1642],
[36.7151, 20.8087, 14.5602, 33.7343, 35.3553, 0, 17.0294, 5.38516, 22.4722, 11, 21.2132, 38.4838, 30.8058, 47.3814, 42.5441, 39.0128, 46.5296, 56.3205, 54.0093, 67.2309, 62.514, 69.2892, 18.4391, 22.3607, 17.2047, 17.088, 17.2627, 18.0278, 33.5261, 34.2345, 30.4138, 38.3275, 35.0571, 32.7567, 3.60555, 3.60555, 3.60555, 14.0357, 19.0263, 16.1245, 8, 5.83095, 8.60233, 19.6977, 21.587, 25.632, 14.1421, 9.48683, 10.4403, 18.4391, 19.2094, 24.7588, 41.6293, 39.8246, 39.8246, 27.8927, 31.257, 33.7343, 50.2494, 43.8634, 46.0977, 43.8292, 43.8292, 41.4367, 37.054, 40.1995, 42.0119, 44.2832, 49.1935, 43.382, 54.5711, 59.1354, 53.7587, 57.0088, 56.0089, 52.0096, 64.6607, 64.0078, 65.192, 60.2993, 59.4138, 59.6825, 72.45, 71.3092, 70.5195],
[31.0161, 18.6815, 19.8494, 17.8885, 18.9737, 17.0294, 0, 15.5242, 8.06226, 19.7231, 14.1421, 23.4307, 30.6757, 36.2353, 38, 42.0476, 40.3113, 53.0094, 55.9732, 59.4811, 61.6604, 64.3817, 15.8114, 22.1359, 16.5529, 20.2485, 22.8035, 21.095, 18.6011, 17.72, 14.3178, 21.8403, 18.2483, 17, 14.0357, 19.105, 15.1327, 3, 2.82843, 3.16228, 18.3848, 12.1655, 13.4164, 7.07107, 5.65685, 10.6301, 19.8494, 21.5407, 21.9317, 13.9284, 14.8661, 16.0312, 26.4008, 25.4558, 25.4558, 27.8568, 32.6956, 33.5261, 38.5876, 32.6497, 34.1321, 38.1182, 38.1182, 38.1182, 39, 44.2945, 44.7772, 39.0512, 43.2897, 38.0526, 52.1536, 55.0364, 50, 58.2409, 57.28, 53.4509, 56.6127, 56.7539, 56.921, 60.0167, 58.8558, 58.5491, 67.4759, 65.7647, 66.1891],
[31.3847, 24.1661, 19.105, 33.2415, 34.4819, 5.38516, 15.5242, 0, 19.2354, 6.32456, 16.4012, 34.7851, 25.4951, 42.5206, 37.1618, 34.1321, 41.1825, 50.9608, 49.0918, 61.9112, 57.3149, 63.9062, 21.4709, 26.2488, 20.6155, 21.3776, 22.0227, 22.3607, 33.541, 33.2415, 29.7321, 37.3631, 33.7343, 32.311, 3.16228, 4.47214, 2, 12.6491, 18.0278, 15.6525, 3.60555, 3.60555, 3.60555, 16.2788, 19, 22.3607, 9, 6.40312, 7.07107, 13.4536, 14.1421, 20, 37.9473, 35.8469, 35.8469, 22.561, 26.0768, 28.4429, 45.4533, 39.0512, 41.4005, 38.4708, 38.4708, 36.0555, 32, 35.5106, 37.1214, 38.9102, 43.8292, 38.0132, 49.2443, 53.7587, 48.3839, 52.0096, 51.0098, 47.0106, 59.3633, 58.6686, 59.9083, 55.1453, 54.231, 54.4518, 67.0671, 65.9242, 65.146],
[24.1868, 26.5707, 27.8029, 19.2094, 19.105, 22.4722, 8.06226, 19.2354, 0, 21.2132, 9.21954, 16.1245, 26.0768, 28.178, 31.257, 38.0132, 33.0151, 46.2709, 50.9902, 51.6624, 55.5428, 57.0789, 23.7697, 30.0832, 24.5967, 28.3019, 30.8058, 29.1548, 21.095, 17.6918, 15.8114, 21.4009, 17.2047, 18.6011, 18.9737, 23.5372, 19.6469, 9.8995, 9.21954, 11.1803, 21, 16.7631, 16.0312, 3, 3, 3.16228, 19.9249, 24.0208, 24.0832, 10.8167, 11.4018, 9.48683, 19.2354, 17.8045, 17.8045, 23.6008, 28.6007, 28.6531, 30.5287, 24.5967, 26.0768, 31.0161, 31.0161, 31.7805, 34.6699, 40.6079, 40.4969, 32.0624, 36.0139, 31.0644, 45.7056, 48.0416, 43.1856, 52.9245, 52, 48.3322, 48.7647, 49.0306, 49.0408, 54.1202, 52.8867, 52.3927, 60.1332, 58.3095, 59.0085],
[27.6586, 30.4631, 25.318, 37.5899, 38.4838, 11, 19.7231, 6.32456, 21.2132, 0, 15.5242, 35.3553, 20.2485, 40.4969, 32.7567, 28.0179, 37.2022, 45.8803, 43.0116, 58.0086, 51.6236, 59.0931, 27.7308, 32.573, 26.9258, 27.6586, 28.1603, 28.6356, 38.2753, 37.1618, 34, 41.2311, 37.3363, 36.7151, 9.48683, 8.24621, 8.24621, 17.2047, 22.4722, 20.6155, 3, 9.43398, 6.40312, 18.2483, 21.8403, 24.0832, 3.60555, 3.60555, 3.16228, 12.3693, 12.6491, 18.9737, 38.4708, 35.9026, 35.9026, 17.4642, 20.3961, 23.0868, 43.566, 37.2156, 39.8246, 34.4093, 34.4093, 31.305, 26.0768, 29.2746, 31.0161, 34.6699, 39.6611, 33.8378, 43.9659, 48.8467, 43.4626, 46.0109, 45.0111, 41.0122, 55.6058, 54.6443, 56.2228, 49.366, 48.5077, 48.8365, 62.2415, 61.2699, 60.1664],
[17.2627, 32.1403, 31.0161, 28.4253, 28.2843, 21.2132, 14.1421, 16.4012, 9.21954, 15.5242, 0, 20.025, 17, 26.1725, 24.0832, 28.8444, 26.9258, 39.0128, 42.1545, 47.0106, 47.5184, 50.8035, 29.1548, 35.3553, 29.4279, 32.28, 34.176, 33.2415, 30.2324, 26.8701, 25, 30.4795, 26.2488, 27.8029, 17.6918, 20.8087, 17.6918, 14.0357, 16.4924, 17.0294, 16.5529, 15.6205, 12.8062, 7.61577, 11.6619, 10.8167, 13.0384, 18.9737, 18.6815, 3.16228, 3, 3.60555, 23.0868, 20.3961, 20.3961, 14.4222, 19.4165, 19.6977, 29.0689, 22.6716, 25, 24.5153, 24.5153, 24.0208, 25.5539, 31.4006, 31.3847, 25.318, 29.8329, 24.3311, 38.0526, 41.1947, 36.0555, 44.2719, 43.3244, 39.5601, 44.2832, 44.0114, 44.7214, 45.8912, 44.7214, 44.4072, 53.9351, 52.3927, 52.469],
[23.3452, 40.2244, 43.1393, 23.0868, 21, 38.4838, 23.4307, 34.7851, 16.1245, 35.3553, 20.025, 0, 31.305, 17.0294, 29.2062, 42.72, 28.178, 42.4853, 52.345, 42.0119, 53.3385, 50.2195, 37.8021, 43.8292, 39.0512, 43.1856, 45.9674, 43.9318, 26.1725, 20.025, 21.587, 21.2132, 18, 23.1948, 34.9285, 39.2173, 35.4683, 25.807, 23.3452, 26.1725, 35.9026, 32.6956, 31.3209, 18.7883, 17.8045, 13.0384, 33.0606, 38.6394, 38.4708, 23.0868, 23.0217, 17.0294, 3.16228, 3, 3, 30.0832, 34.4384, 32.7567, 18.1108, 14.3178, 14, 27.4591, 27.4591, 31.1448, 39.1152, 45.793, 44.4072, 28.8444, 30.8707, 28.0179, 43.0465, 43.0813, 39.3573, 53.2635, 52.4976, 49.5177, 39.0128, 40.1995, 39, 52.6973, 51.3128, 50.2494, 52.9528, 50.636, 52.6308],
[11.1803, 47.2652, 44.1022, 45.2217, 44.8219, 30.8058, 30.6757, 25.4951, 26.0768, 20.2485, 17, 31.305, 0, 27.1662, 13.4536, 12.0416, 18.6011, 25.632, 25.2982, 38.8973, 32.0156, 38.9102, 44.2832, 50.0899, 44.1022, 46.0109, 47.1699, 47.0106, 47.1699, 43.4166, 41.8808, 46.7547, 42.5206, 44.6542, 28.2843, 28.4605, 27.4591, 29.8329, 33.2415, 33.2415, 23.0868, 27.074, 23.0868, 24.5967, 28.6531, 27.0185, 16.7631, 23.2594, 22.3607, 16.7631, 15.8114, 17.0294, 33.6155, 30.0832, 30.0832, 3, 3.16228, 3, 30.2655, 25, 28, 15.8114, 15.8114, 11.4018, 8.60233, 14.8661, 14.4222, 15.6205, 20.5183, 15, 23.7697, 28.6356, 23.2594, 27.6586, 26.6833, 22.8035, 36.7967, 35.3836, 37.5366, 30.0167, 29, 29.0689, 42.0476, 41.1825, 39.9249],
[16.0312, 54.626, 55.7584, 40.0125, 38.0132, 47.3814, 36.2353, 42.5206, 28.178, 40.4969, 26.1725, 17.0294, 27.1662, 0, 18.0278, 35.5106, 14.4222, 27.6586, 40.8167, 25, 38.9487, 33.5261, 51.8941, 58.1808, 52.7731, 56.4358, 58.8303, 57.3062, 43.0465, 37, 38.2099, 38.2099, 35.0143, 40.05, 43.8406, 46.8615, 43.8634, 37.7359, 37.1618, 39.3573, 42.2019, 41.7253, 38.9487, 29.6816, 30.8707, 26, 37.2156, 44.1022, 43.566, 29.0689, 28.4253, 22.6274, 16.4924, 14.0357, 14.0357, 27.6586, 30.0666, 27, 3.16228, 3.60555, 3.16228, 15.2315, 15.2315, 20.8806, 32.249, 38.6394, 36.1386, 16.5529, 16.2788, 16.1555, 29, 27.4591, 24.7588, 40.8044, 40.2244, 38.0789, 22, 23.1948, 22.0227, 38.8973, 37.4833, 36.0694, 36.1386, 33.7343, 36.0555],
[7.07107, 56.2228, 54.5711, 48.7032, 47.5395, 42.5441, 38, 37.1618, 31.257, 32.7567, 24.0832, 29.2062, 13.4536, 18.0278, 0, 18, 5.38516, 15.0333, 23.4307, 25.4951, 24.6982, 26.9258, 53.2353, 59.4138, 53.4603, 56.0892, 57.7235, 57.0701, 51.2445, 46.2385, 45.8803, 48.7545, 44.7772, 48.3839, 39.5601, 40.7063, 39, 38.1182, 40.05, 41.0122, 35.3553, 37.9473, 34.176, 31.0161, 34.2345, 30.8058, 29.1548, 36.0555, 35.2278, 25.4951, 24.5153, 22.0227, 30.4138, 26.9072, 26.9072, 15.6205, 15.2643, 11.6619, 20.6155, 17.4929, 20.1246, 3, 3, 3, 15.1327, 21.0238, 18.2483, 2.23607, 7.07107, 2, 14.5602, 17.1172, 12, 24.0832, 23.3452, 20.6155, 23.3452, 22.0227, 24.0832, 23.7065, 22.3607, 21.5407, 30.0832, 28.7924, 28.4429],
[20.2485, 57.4891, 53.2353, 57.2014, 56.8507, 39.0128, 42.0476, 34.1321, 38.0132, 28.0179, 28.8444, 42.72, 12.0416, 35.5106, 18, 0, 23.0868, 22.6716, 15, 39.8246, 24.6982, 36.0694, 54.5711, 60.0167, 54.1295, 55.4437, 56.1427, 56.4358, 59.0762, 55.4437, 53.8238, 58.7963, 54.5619, 56.6127, 37.2156, 36.0139, 36.1248, 40.8534, 44.7214, 44.3847, 31.0161, 36.4966, 32.5576, 36.3593, 40.4969, 39.0512, 25.1794, 30.0666, 29.0689, 28.178, 27.2947, 29.0689, 44.7772, 41.1825, 41.1825, 14.4222, 9.43398, 10, 38.3275, 34.2053, 37.108, 21, 21, 15, 3.60555, 3.16228, 3, 20.025, 23.5372, 20, 19.799, 26.2488, 21.6333, 18.1108, 17.1172, 13.1529, 38.4838, 36.2353, 39.3954, 22.1359, 21.5407, 22.3607, 38.9487, 38.8973, 36.2353],
[9.84886, 58.8558, 57.8705, 49.2443, 47.8017, 46.5296, 40.3113, 41.1825, 33.0151, 37.2022, 26.9258, 28.178, 18.6011, 14.4222, 5.38516, 23.0868, 0, 14.3178, 26.4197, 20.8087, 25.2389, 24.0832, 55.9017, 62.1691, 56.2939, 59.203, 61.0328, 60.1664, 51.9711, 46.5725, 46.6905, 48.7032, 44.9222, 49.0306, 43.382, 44.9444, 42.9418, 40.7922, 42.107, 43.4166, 39.6611, 41.6293, 38.0132, 33.2415, 36.0139, 32.0624, 33.6006, 40.6079, 39.8246, 28.7924, 27.8568, 24.3311, 28.8444, 25.5539, 25.5539, 20.5183, 20.5913, 17, 16.5529, 14.8661, 17.0294, 2.82843, 2.82843, 8.24621, 20.3961, 26.0192, 23.0217, 3.16228, 3, 3.60555, 15, 15.2971, 11.1803, 26.4008, 25.807, 23.7065, 18.4391, 17.4929, 19.105, 24.8395, 23.4307, 22.2036, 27.1662, 25.4951, 26],
[22.0907, 71.1126, 69.0507, 63.3246, 61.9839, 56.3205, 53.0094, 50.9608, 46.2709, 45.8803, 39.0128, 42.4853, 25.632, 27.6586, 15.0333, 22.6716, 14.3178, 0, 17, 18.4391, 11.3137, 13.6015, 68.1175, 74.2428, 68.2642, 70.7107, 72.1803, 71.7008, 65.9697, 60.7289, 60.6383, 62.9682, 59.1354, 63.0635, 53.6004, 54.0833, 52.8867, 53.0377, 55.0818, 56, 48.7032, 52.1728, 48.2701, 46.0435, 49.2544, 45.7056, 42.3792, 48.8467, 47.927, 40.1995, 39.2046, 37.054, 43.0465, 39.8246, 39.8246, 28.4605, 25.9422, 22.8473, 29, 28.8444, 30.6105, 15.5242, 15.5242, 15.1327, 22.0227, 24.4131, 20.8087, 14.3178, 11.6619, 15.2971, 3.16228, 3.60555, 3.16228, 15.2971, 15.1327, 15.1327, 18.0278, 15.1327, 19.0263, 11.6619, 10.2956, 8.60233, 16.6433, 16.2788, 14.3178],
[29.0689, 72.1803, 68.1836, 69.8355, 69.1158, 54.0093, 55.9732, 49.0918, 50.9902, 43.0116, 42.1545, 52.345, 25.2982, 40.8167, 23.4307, 15, 26.4197, 17, 0, 35.2278, 12.0416, 27.313, 69.2315, 74.8131, 68.884, 70.3491, 71.1126, 71.3442, 72.0069, 67.7422, 66.6483, 70.7248, 66.5733, 69.3542, 52.1536, 51.0098, 51.0882, 55.0818, 58.5235, 58.5235, 46.0109, 51.3517, 47.3814, 49.7695, 53.7122, 51.4781, 40.1123, 45.0444, 44.0454, 42.0595, 41.1096, 41.5933, 53.7587, 50.2096, 50.2096, 28.1603, 23.5372, 22.4722, 42.9418, 40.8044, 43.2666, 25.807, 25.807, 21.2132, 17.2627, 14.3178, 12, 24.4131, 25.0799, 25, 14.0357, 20.0998, 18.2483, 3.60555, 2.82843, 2.82843, 35.0143, 32.0624, 36.0139, 9.21954, 9.43398, 11.1803, 29.5296, 30.4631, 26.4197],
[30.5287, 78.1601, 78, 65.0077, 63.0079, 67.2309, 59.4811, 61.9112, 51.6624, 58.0086, 47.0106, 42.0119, 38.8973, 25, 25.4951, 39.8246, 20.8087, 18.4391, 35.2278, 0, 26.3059, 12.2066, 75.2861, 81.6088, 75.8947, 79.1202, 81.1542, 80.0562, 68.0294, 62, 63.1269, 63.1269, 60.0083, 65.0308, 64.0078, 65.7343, 63.6318, 60.407, 60.8769, 62.6418, 60.4649, 62.1772, 58.6686, 52.4976, 54.5711, 50.01, 54.4059, 61.4003, 60.6053, 49.1935, 48.3011, 44.0114, 41.1947, 39.0128, 39.0128, 41.1096, 40.3609, 36.7967, 24.1868, 28.0713, 28.0179, 23.6008, 23.6008, 27.5862, 38.2753, 42.0476, 38.4838, 23.4307, 18.4391, 24.2074, 21.587, 15.1327, 18.3848, 33.0151, 33.0606, 33.541, 3, 3.60555, 3.16228, 28.0713, 27.0185, 25.02, 13.4536, 10.6301, 15],
[31.6228, 79.1012, 76.1052, 73.3894, 72.2357, 62.514, 61.6604, 57.3149, 55.5428, 51.6236, 47.5184, 53.3385, 32.0156, 38.9487, 24.6982, 24.6982, 25.2389, 11.3137, 12.0416, 26.3059, 0, 16.2788, 76.1052, 82.0244, 76.0263, 78.0256, 79.1581, 79.0253, 75.8947, 70.9366, 70.5195, 73.4098, 69.4622, 73.0548, 60.208, 59.8415, 59.3043, 61.2944, 63.9531, 64.4981, 54.5894, 59.0762, 55.0818, 54.9181, 58.4637, 55.3624, 48.3735, 54.1295, 53.1507, 48.1664, 47.1699, 46.0977, 54.0833, 50.774, 50.774, 35.0143, 31.257, 29.0172, 40.3113, 40, 41.8688, 25.9422, 25.9422, 23.7697, 25.7099, 25.0599, 21.9317, 24.5967, 22.8035, 25.4951, 10.2956, 12.53, 14.2127, 8.60233, 9.21954, 12.2066, 26.9258, 23.7697, 27.8927, 2.82843, 3.16228, 3.16228, 18.0278, 19.4165, 14.8661],
[33.541, 82.8734, 81.4923, 72.5603, 70.859, 69.2892, 64.3817, 63.9062, 57.0789, 59.0931, 50.8035, 50.2195, 38.9102, 33.5261, 26.9258, 36.0694, 24.0832, 13.6015, 27.313, 12.2066, 16.2788, 0, 79.9062, 86.1452, 80.2309, 82.9759, 84.6463, 83.9524, 75.4255, 69.7209, 70.2567, 71.3863, 67.897, 72.4431, 66.4078, 67.2309, 65.7875, 64.7765, 66.1891, 67.4759, 61.8466, 64.846, 61.0328, 57.3149, 60.075, 56, 55.5428, 62.1691, 61.2699, 52.3927, 51.4198, 48.3735, 50, 47.2969, 47.2969, 41.6293, 39.4462, 36.2353, 33.6155, 35.9026, 36.6879, 26.3059, 26.3059, 27.8568, 35.609, 37.5366, 33.9706, 25.4951, 21.095, 26.4764, 16.2788, 10.2956, 15.6525, 24.3516, 24.6982, 26.4197, 14.1421, 11.4018, 14.8661, 18.6815, 18.0278, 16.1555, 3.16228, 3.16228, 2.82843],
[46.3897, 3, 8, 22.1359, 24.6982, 18.4391, 15.8114, 21.4709, 23.7697, 27.7308, 29.1548, 37.8021, 44.2832, 51.8941, 53.2353, 54.5711, 55.9017, 68.1175, 69.2315, 75.2861, 76.1052, 79.9062, 0, 6.32456, 2, 6.32456, 9.48683, 6.7082, 20.3961, 24.1661, 20.1246, 27.5136, 25.9422, 21.1896, 18.3576, 22.0227, 19.7231, 15.1327, 14.7648, 12.6491, 25.0599, 18.3848, 22.1359, 22.8035, 21.0238, 25.9422, 29.7321, 27.4591, 28.3019, 28, 29, 31.5753, 40.4599, 40.2244, 40.2244, 41.3038, 45.7056, 47.2652, 54.1202, 48.3322, 49.6488, 53.6004, 53.6004, 53.0377, 51.9711, 56.3205, 57.4891, 54.4518, 58.8558, 53.4603, 67.0075, 70.3491, 65.192, 71.8471, 70.859, 66.9104, 72.4224, 72.5328, 72.7324, 74.2428, 73.171, 73.0616, 83.0241, 81.3941, 81.615],
[52.6118, 3.60555, 8.48528, 26.4197, 29.1548, 22.3607, 22.1359, 26.2488, 30.0832, 32.573, 35.3553, 43.8292, 50.0899, 58.1808, 59.4138, 60.0167, 62.1691, 74.2428, 74.8131, 81.6088, 82.0244, 86.1452, 6.32456, 0, 6, 5.65685, 7.61577, 5, 24.1661, 28.8444, 25, 31.7648, 30.8058, 25.5539, 23.0868, 25.9422, 24.3516, 21.3776, 21.0238, 18.9737, 29.7321, 23.5372, 27.4591, 29.1204, 27.313, 32.2025, 34.9285, 31.7805, 32.6956, 34.0588, 35.0571, 37.855, 46.4004, 46.3249, 46.3249, 47.0956, 51.3517, 53.0848, 60.3738, 54.626, 55.9017, 59.8415, 59.8415, 59.1354, 57.5587, 61.6117, 62.9682, 60.6712, 65.1153, 59.6825, 73.0616, 76.531, 71.3442, 77.5242, 76.531, 72.5603, 78.7464, 78.848, 79.0569, 80.0999, 79.0569, 79.0063, 89.2693, 87.6641, 87.8237],
[46.6905, 3.60555, 6, 24.0416, 26.5707, 17.2047, 16.5529, 20.6155, 24.5967, 26.9258, 29.4279, 39.0512, 44.1022, 52.7731, 53.4603, 54.1295, 56.2939, 68.2642, 68.884, 75.8947, 76.0263, 80.2309, 2, 6, 0, 4.47214, 7.61577, 5, 22.3607, 26, 21.9317, 29.4109, 27.7308, 23.0868, 17.4642, 20.8087, 18.7883, 15.5242, 15.8114, 13.4164, 24.1661, 17.72, 21.587, 23.4094, 21.9545, 26.9258, 29.1204, 26.4197, 27.2947, 28.0713, 29.0689, 32.0156, 41.7732, 41.4005, 41.4005, 41.1096, 45.3982, 47.0956, 55.0727, 49.1935, 50.6063, 53.9351, 53.9351, 53.1507, 51.6236, 55.7853, 57.0701, 54.7449, 59.2284, 53.7587, 67.0671, 70.5762, 65.3758, 71.5681, 70.5762, 66.6108, 73.0548, 73.0821, 73.3894, 74.108, 73.0616, 73.0069, 83.3607, 81.7863, 81.8841],
[49.4773, 6.08276, 2.82843, 28.4605, 31.0161, 17.088, 20.2485, 21.3776, 28.3019, 27.6586, 32.28, 43.1856, 46.0109, 56.4358, 56.0892, 55.4437, 59.203, 70.7107, 70.3491, 79.1202, 78.0256, 82.9759, 6.32456, 5.65685, 4.47214, 0, 3.16228, 1, 26.6833, 30.4631, 26.4008, 33.8378, 32.2025, 27.5136, 18.2483, 20.6155, 19.4165, 18.7883, 19.8494, 17.2047, 24.7386, 19.0263, 23.0217, 26.8328, 25.807, 30.8058, 30.2655, 26.5707, 27.5136, 30.5941, 31.5753, 35.1141, 45.9674, 45.4533, 45.4533, 43.0116, 47.0425, 49.0102, 58.8303, 52.8394, 54.3783, 56.7539, 56.7539, 55.5788, 53.1507, 56.8858, 58.4209, 57.4891, 62.0967, 56.5155, 69.3542, 73.1642, 67.897, 73.171, 72.1734, 68.1836, 76.3217, 76.2168, 76.6942, 76, 75.0067, 75.06, 86.122, 84.6463, 84.5281],
[51.2445, 9, 3.16228, 31.6228, 34.176, 17.2627, 22.8035, 22.0227, 30.8058, 28.1603, 34.176, 45.9674, 47.1699, 58.8303, 57.7235, 56.1427, 61.0328, 72.1803, 71.1126, 81.1542, 79.1581, 84.6463, 9.48683, 7.61577, 7.61577, 3.16228, 0, 3, 29.8329, 33.6155, 29.5466, 37, 35.3412, 30.6757, 19, 20.6155, 20.025, 21.095, 22.6274, 19.8494, 25.1794, 20.0998, 24.0832, 29.1548, 28.4253, 33.4216, 31.0161, 26.6833, 27.6586, 32.28, 33.2415, 37.1618, 48.7955, 48.1664, 48.1664, 44.1814, 48.0104, 50.1597, 61.2944, 55.2268, 56.8595, 58.5235, 58.5235, 57.0701, 54.0093, 57.4282, 59.1354, 59.203, 63.8905, 58.2409, 70.7107, 74.7329, 69.4262, 74.027, 73.0274, 69.029, 78.3901, 78.1857, 78.7909, 77.0584, 76.1052, 76.2365, 87.8009, 86.4002, 86.122],
[50.448, 6, 3.60555, 28.7924, 31.3847, 18.0278, 21.095, 22.3607, 29.1548, 28.6356, 33.2415, 43.9318, 47.0106, 57.3062, 57.0701, 56.4358, 60.1664, 71.7008, 71.3442, 80.0562, 79.0253, 83.9524, 6.7082, 5, 5, 1, 3, 0, 26.9258, 30.8707, 26.8328, 34.176, 32.6497, 27.8568, 19.2354, 21.5407, 20.3961, 19.6977, 20.6155, 18.0278, 25.7099, 20.025, 24.0208, 27.7308, 26.6271, 31.6228, 31.257, 27.5136, 28.4605, 31.5753, 32.5576, 36.0555, 46.6905, 46.2277, 46.2277, 44.0114, 48.0416, 50.01, 59.6825, 53.7122, 55.2268, 57.7235, 57.7235, 56.5685, 54.1479, 57.8705, 59.4138, 58.4637, 63.0635, 57.4891, 70.3491, 74.1485, 68.884, 74.1687, 73.171, 69.1809, 77.2528, 77.1622, 77.6209, 77, 76.0066, 76.0592, 87.0976, 85.6154, 85.5102],
[44.2719, 21.1896, 28.2843, 3.16228, 5.83095, 33.5261, 18.6011, 33.541, 21.095, 38.2753, 30.2324, 26.1725, 47.1699, 43.0465, 51.2445, 59.0762, 51.9711, 65.9697, 72.0069, 68.0294, 75.8947, 75.4255, 20.3961, 24.1661, 22.3607, 26.6833, 29.8329, 26.9258, 0, 6.32456, 5.38516, 7.81025, 8.544, 3, 31.3847, 36.4006, 32.6956, 21.095, 15.8114, 17.8885, 36.7151, 29.9666, 31.9061, 22.8035, 18.6011, 20.6155, 38.4187, 39.8246, 40.3113, 31.241, 32.0156, 30.4138, 27.6586, 29.1548, 29.1548, 44.6542, 49.6488, 49.7393, 44.2832, 40, 40.1123, 50.448, 50.448, 52.2015, 55.7584, 61.6117, 61.5873, 51.6624, 54.9181, 50.6952, 65.8027, 67.2681, 62.8172, 73.8241, 72.9178, 69.3181, 65.0308, 66.0076, 65.0692, 74.6726, 73.3894, 72.7324, 78.3135, 76.1643, 77.6466],
[39.3954, 25.5539, 31.6228, 3.16228, 1.41421, 34.2345, 17.72, 33.2415, 17.6918, 37.1618, 26.8701, 20.025, 43.4166, 37, 46.2385, 55.4437, 46.5725, 60.7289, 67.7422, 62, 70.9366, 69.7209, 24.1661, 28.8444, 26, 30.4631, 33.6155, 30.8707, 6.32456, 0, 4.12311, 4.12311, 2.23607, 3.60555, 31.5753, 36.6742, 32.7567, 20.6155, 15.2971, 18.1108, 36.0555, 29.8329, 31.0161, 20, 15.8114, 16.4012, 36.7151, 39.2173, 39.5601, 28.4253, 29.0689, 26.4008, 21.3776, 23.0217, 23.0217, 41.1096, 46.0977, 45.8039, 38.1182, 34.0588, 34.0147, 45.2217, 45.2217, 47.4236, 52.0096, 58.1378, 57.8014, 46.4866, 49.4773, 45.5412, 60.7454, 61.8466, 57.5674, 69.3542, 68.4763, 65, 59, 60.075, 59.0085, 69.857, 68.542, 67.7791, 72.5603, 70.3491, 72.0069],
[38.8973, 21.6333, 27.5136, 3.60555, 5, 30.4138, 14.3178, 29.7321, 15.8114, 34, 25, 21.587, 41.8808, 38.2099, 45.8803, 53.8238, 46.6905, 60.6383, 66.6483, 63.1269, 70.5195, 70.2567, 20.1246, 25, 21.9317, 26.4008, 29.5466, 26.8328, 5.38516, 4.12311, 0, 8, 5.83095, 2.82843, 27.8927, 32.9848, 29.1204, 17.088, 11.7047, 14.3178, 32.6956, 26.2488, 27.7308, 17.6918, 13.4536, 15.2315, 33.8378, 35.8469, 36.2491, 26.1725, 26.9072, 25.0599, 23.4094, 24.5153, 24.5153, 39.4081, 44.4072, 44.4185, 39.6232, 35.0571, 35.3553, 45.1221, 45.1221, 46.8188, 50.4777, 56.4004, 56.3028, 46.3249, 49.6488, 45.3542, 60.4401, 61.9839, 57.4891, 68.4471, 67.5426, 63.9531, 60.1332, 61.0082, 60.208, 69.2892, 68.0074, 67.3573, 73.171, 71.0634, 72.4431],
[42.0595, 28.6356, 35.171, 5.38516, 3, 38.3275, 21.8403, 37.3631, 21.4009, 41.2311, 30.4795, 21.2132, 46.7547, 38.2099, 48.7545, 58.7963, 48.7032, 62.9682, 70.7248, 63.1269, 73.4098, 71.3863, 27.5136, 31.7648, 29.4109, 33.8378, 37, 34.176, 7.81025, 4.12311, 8, 0, 4.24264, 6.32456, 35.6931, 40.7922, 36.8782, 24.7386, 19.4165, 22.2036, 40.1622, 33.9559, 35.1141, 23.8537, 19.7231, 19.799, 40.7063, 43.3244, 43.6578, 32.2025, 32.8024, 29.7321, 22, 24.1868, 24.1868, 44.5533, 49.5177, 49.0408, 39.0128, 35.5106, 35.1283, 47.5395, 47.5395, 50.1199, 55.3173, 61.5549, 61.0737, 48.8467, 51.5461, 47.927, 63.1585, 63.8905, 59.808, 72.2011, 71.3442, 67.9559, 60.1332, 61.4003, 60.075, 72.45, 71.1126, 70.2638, 74.1485, 71.8471, 73.7564],
[38.0132, 27.4591, 33.2415, 5.38516, 3, 35.0571, 18.2483, 33.7343, 17.2047, 37.3363, 26.2488, 18, 42.5206, 35.0143, 44.7772, 54.5619, 44.9222, 59.1354, 66.5733, 60.0083, 69.4622, 67.897, 25.9422, 30.8058, 27.7308, 32.2025, 35.3412, 32.6497, 8.544, 2.23607, 5.83095, 4.24264, 0, 5.83095, 32.249, 37.3363, 33.3766, 21.2132, 16.0312, 19, 36.4006, 30.4138, 31.3209, 19.7231, 15.6525, 15.5563, 36.6742, 39.5601, 39.8497, 28.0179, 28.6007, 25.4951, 19.2354, 21, 21, 40.3113, 45.2769, 44.8219, 36.0555, 32.1403, 32, 43.6578, 43.6578, 46.0652, 51.0882, 57.3149, 56.8507, 44.9444, 47.8017, 44.0114, 59.2368, 60.1664, 55.9732, 68.0955, 67.2309, 63.8122, 57.0088, 58.1378, 57, 68.4471, 67.1193, 66.3099, 70.7107, 68.469, 70.214],
[41.4367, 22.3607, 28.8617, 1, 3.60555, 32.7567, 17, 32.311, 18.6011, 36.7151, 27.8029, 23.1948, 44.6542, 40.05, 48.3839, 56.6127, 49.0306, 63.0635, 69.3542, 65.0308, 73.0548, 72.4431, 21.1896, 25.5539, 23.0868, 27.5136, 30.6757, 27.8568, 3, 3.60555, 2.82843, 6.32456, 5.83095, 0, 30.3645, 35.4401, 31.6228, 19.6977, 14.3178, 16.7631, 35.3412, 28.7924, 30.4138, 20.5183, 16.2788, 17.8885, 36.6197, 38.4838, 38.9102, 29, 29.7321, 27.7849, 24.7386, 26.1725, 26.1725, 42.2019, 47.2017, 47.1699, 41.3038, 37, 37.1214, 47.5395, 47.5395, 49.3964, 53.2541, 59.203, 59.0762, 48.7647, 51.9711, 47.8017, 62.9365, 64.3273, 59.9083, 71.1126, 70.214, 66.6483, 62.0322, 63.0079, 62.0725, 71.8679, 70.5762, 69.8928, 75.326, 73.171, 74.6726],
[33.541, 21.0238, 16.0312, 31.3209, 32.7567, 3.60555, 14.0357, 3.16228, 18.9737, 9.48683, 17.6918, 34.9285, 28.2843, 43.8406, 39.5601, 37.2156, 43.382, 53.6004, 52.1536, 64.0078, 60.208, 66.4078, 18.3576, 23.0868, 17.4642, 18.2483, 19, 19.2354, 31.3847, 31.5753, 27.8927, 35.6931, 32.249, 30.3645, 0, 5.09902, 1.41421, 11.0454, 16.2788, 13.6015, 6.7082, 2.23607, 5.38516, 16.1555, 18.2483, 22.1359, 12.0416, 9.21954, 10, 15, 15.8114, 21.2132, 38.0789, 36.2353, 36.2353, 25.318, 29.0172, 31.257, 46.6905, 40.3113, 42.5206, 40.7185, 40.7185, 38.6005, 35.0143, 38.6394, 40.1995, 41.2311, 46.0977, 40.3113, 51.9711, 56.3205, 50.9608, 55.0364, 54.037, 50.04, 61.4003, 60.8276, 61.9112, 58.0775, 57.1402, 57.3149, 69.5701, 68.352, 67.72],
[35.2278, 24.4131, 18.0278, 36.4006, 37.855, 3.60555, 19.105, 4.47214, 23.5372, 8.24621, 20.8087, 39.2173, 28.4605, 46.8615, 40.7063, 36.0139, 44.9444, 54.0833, 51.0098, 65.7343, 59.8415, 67.2309, 22.0227, 25.9422, 20.8087, 20.6155, 20.6155, 21.5407, 36.4006, 36.6742, 32.9848, 40.7922, 37.3363, 35.4401, 5.09902, 0, 4, 16.1245, 21.3776, 18.6815, 5.38516, 7, 8.06226, 20.6155, 23.0868, 26.6833, 11.7047, 6.08276, 7.07107, 17.8045, 18.4391, 24.4131, 42.3792, 40.3113, 40.3113, 25.632, 28.6356, 31.3209, 49.8197, 43.4166, 45.8039, 42.19, 42.19, 39.3954, 34.2345, 37.054, 39.0128, 42.5441, 47.5079, 41.6773, 52.2015, 57.0088, 51.6236, 54.0833, 53.0848, 49.0918, 63.2456, 62.434, 63.8201, 57.5587, 56.7186, 57.0701, 70.3847, 69.3542, 68.352],
[33.121, 22.3607, 17.1172, 32.573, 33.9559, 3.60555, 15.1327, 2, 19.6469, 8.24621, 17.6918, 35.4683, 27.4591, 43.8634, 39, 36.1248, 42.9418, 52.8867, 51.0882, 63.6318, 59.3043, 65.7875, 19.7231, 24.3516, 18.7883, 19.4165, 20.025, 20.3961, 32.6956, 32.7567, 29.1204, 36.8782, 33.3766, 31.6228, 1.41421, 4, 0, 12.1655, 17.4642, 14.8661, 5.38516, 3, 5, 16.7631, 19.105, 22.8035, 11, 7.81025, 8.60233, 14.8661, 15.6205, 21.2603, 38.6264, 36.6742, 36.6742, 24.5153, 28.0713, 30.4138, 46.7547, 40.3609, 42.638, 40.2492, 40.2492, 37.9473, 34, 37.4833, 39.1152, 40.7185, 45.618, 39.8121, 51.1957, 55.6597, 50.2892, 54.0093, 53.0094, 49.0102, 61.0574, 60.4152, 61.5873, 57.1402, 56.2228, 56.4358, 68.9493, 67.7791, 67.0522],
[31.257, 18.1108, 18.0278, 20.6155, 21.8403, 14.0357, 3, 12.6491, 9.8995, 17.2047, 14.0357, 25.807, 29.8329, 37.7359, 38.1182, 40.8534, 40.7922, 53.0377, 55.0818, 60.407, 61.2944, 64.7765, 15.1327, 21.3776, 15.5242, 18.7883, 21.095, 19.6977, 21.095, 20.6155, 17.088, 24.7386, 21.2132, 19.6977, 11.0454, 16.1245, 12.1655, 0, 5.38516, 3.60555, 15.6525, 9.21954, 10.8167, 8.06226, 8.06226, 12.8062, 17.6918, 18.7883, 19.2354, 13.1529, 14.1421, 16.4924, 28.8444, 27.6586, 27.6586, 26.9258, 31.6228, 32.7567, 40.2244, 34.1321, 35.805, 38.4708, 38.4708, 38, 37.9473, 42.9535, 43.6578, 39.3192, 43.7379, 38.3275, 52.0096, 55.2268, 50.0899, 57.4891, 56.5155, 52.6308, 57.5847, 57.5674, 57.9396, 59.5399, 58.4209, 58.2151, 67.897, 66.2873, 66.4831],
[33.0151, 17.4642, 19.8494, 15.2315, 16.4924, 19.0263, 2.82843, 18.0278, 9.21954, 22.4722, 16.4924, 23.3452, 33.2415, 37.1618, 40.05, 44.7214, 42.107, 55.0818, 58.5235, 60.8769, 63.9531, 66.1891, 14.7648, 21.0238, 15.8114, 19.8494, 22.6274, 20.6155, 15.8114, 15.2971, 11.7047, 19.4165, 16.0312, 14.3178, 16.2788, 21.3776, 17.4642, 5.38516, 0, 3.16228, 21.0238, 14.5602, 16.1245, 9.05539, 6.32456, 11.1803, 22.6716, 24.1661, 24.5967, 16.5529, 17.4642, 18.0278, 26.1725, 25.6125, 25.6125, 30.4631, 35.3412, 36.0555, 39.3573, 33.6155, 34.8855, 40.0125, 40.0125, 40.3113, 41.6293, 47.0106, 47.4236, 41, 45.0999, 40, 54.3323, 57, 52.0384, 60.7289, 59.7746, 55.9732, 57.9741, 58.2495, 58.2409, 62.3699, 61.1882, 60.8276, 69.2604, 67.4759, 68.0661],
[34.0588, 15.5242, 16.9706, 17.72, 19.2354, 16.1245, 3.16228, 15.6525, 11.1803, 20.6155, 17.0294, 26.1725, 33.2415, 39.3573, 41.0122, 44.3847, 43.4166, 56, 58.5235, 62.6418, 64.4981, 67.4759, 12.6491, 18.9737, 13.4164, 17.2047, 19.8494, 18.0278, 17.8885, 18.1108, 14.3178, 22.2036, 19, 16.7631, 13.6015, 18.6815, 14.8661, 3.60555, 3.16228, 0, 18.868, 12.083, 14.2127, 10.198, 8.60233, 13.6015, 21.2603, 21.9545, 22.4722, 16.4924, 17.4642, 19.105, 29.0689, 28.3196, 28.3196, 30.3645, 35.1141, 36.1386, 41.6773, 35.7771, 37.2156, 41.1947, 41.1947, 41.0488, 41.4367, 46.5188, 47.1699, 42.107, 46.3897, 41.1096, 55.0818, 58.0775, 53.0094, 60.8769, 59.9083, 56.0446, 59.7746, 59.9083, 60.0833, 62.8013, 61.6604, 61.4003, 70.5762, 68.884, 69.2604],
[30, 27.7308, 22.3607, 36.2491, 37.3363, 8, 18.3848, 3.60555, 21, 3, 16.5529, 35.9026, 23.0868, 42.2019, 35.3553, 31.0161, 39.6611, 48.7032, 46.0109, 60.4649, 54.5894, 61.8466, 25.0599, 29.7321, 24.1661, 24.7386, 25.1794, 25.7099, 36.7151, 36.0555, 32.6956, 40.1622, 36.4006, 35.3412, 6.7082, 5.38516, 5.38516, 15.6525, 21.0238, 18.868, 0, 7.07107, 5.09902, 18, 21.2132, 24.0208, 6.32456, 3.16228, 3.60555, 13.4164, 13.8924, 20.1246, 39.0512, 36.6879, 36.6879, 20.2485, 23.3452, 25.9615, 45.2217, 38.833, 41.3401, 36.8917, 36.8917, 34.0147, 29.0689, 32.249, 34.0147, 37.2156, 42.19, 36.3593, 46.8402, 51.6236, 46.2385, 49.0102, 48.0104, 44.0114, 58.0086, 57.1402, 58.6003, 52.345, 51.4781, 51.788, 65, 63.9766, 62.9682],
[31.7805, 21.1896, 17.0294, 29.7321, 31.0483, 5.83095, 12.1655, 3.60555, 16.7631, 9.43398, 15.6205, 32.6956, 27.074, 41.7253, 37.9473, 36.4966, 41.6293, 52.1728, 51.3517, 62.1772, 59.0762, 64.846, 18.3848, 23.5372, 17.72, 19.0263, 20.0998, 20.025, 29.9666, 29.8329, 26.2488, 33.9559, 30.4138, 28.7924, 2.23607, 7, 3, 9.21954, 14.5602, 12.083, 7.07107, 0, 4, 13.9284, 16.1245, 19.9249, 11.4018, 10, 10.6301, 13.0384, 13.8924, 19.105, 35.8469, 34, 34, 24.0832, 28.0179, 30.0666, 44.5533, 38.1838, 40.3609, 39, 39, 37.108, 34.1321, 38.0789, 39.4588, 39.5601, 44.3847, 38.6264, 50.636, 54.8179, 49.4773, 54.1479, 53.1507, 49.163, 59.5399, 59.0339, 60.0333, 57.0088, 56.0357, 56.1427, 68.0074, 66.7308, 66.2193],
[28.178, 25, 21.0238, 31.305, 32.311, 8.60233, 13.4164, 3.60555, 16.0312, 6.40312, 12.8062, 31.3209, 23.0868, 38.9487, 34.176, 32.5576, 38.0132, 48.2701, 47.3814, 58.6686, 55.0818, 61.0328, 22.1359, 27.4591, 21.587, 23.0217, 24.0832, 24.0208, 31.9061, 31.0161, 27.7308, 35.1141, 31.3209, 30.4138, 5.38516, 8.06226, 5, 10.8167, 16.1245, 14.2127, 5.09902, 4, 0, 13.0384, 16.1245, 19.105, 7.61577, 8.24621, 8.544, 9.8995, 10.6301, 16.4012, 34.4819, 32.311, 32.311, 20.0998, 24.0208, 26.0768, 41.8688, 35.4683, 37.8021, 35.3412, 35.3412, 33.2415, 30.1496, 34.2053, 35.5106, 35.8469, 40.7185, 34.9285, 46.6905, 50.9608, 45.607, 50.1597, 49.163, 45.1774, 56.0803, 55.4707, 56.6039, 53.0094, 52.0384, 52.1536, 64.195, 62.9682, 62.3618],
[24, 25.7099, 26.0768, 21.2132, 21.4009, 19.6977, 7.07107, 16.2788, 3, 18.2483, 7.61577, 18.7883, 24.5967, 29.6816, 31.0161, 36.3593, 33.2415, 46.0435, 49.7695, 52.4976, 54.9181, 57.3149, 22.8035, 29.1204, 23.4094, 26.8328, 29.1548, 27.7308, 22.8035, 20, 17.6918, 23.8537, 19.7231, 20.5183, 16.1555, 20.6155, 16.7631, 8.06226, 9.05539, 10.198, 18, 13.9284, 13.0384, 0, 4.24264, 6.08276, 17.088, 21.0238, 21.095, 8.48528, 9.21954, 9, 21.9317, 20.2485, 20.2485, 21.9545, 26.9258, 27.313, 32.2025, 26.0768, 27.8029, 31.0644, 31.0644, 31.257, 33.121, 38.833, 38.9487, 32.0156, 36.2215, 31.0161, 45.2769, 48.0104, 43.0116, 51.8652, 50.9215, 47.1699, 49.6488, 49.7293, 49.98, 53.3667, 52.1728, 51.788, 60.407, 58.6941, 59.1354],
[27.1662, 23.7697, 25.4951, 16.9706, 17.2047, 21.587, 5.65685, 19, 3, 21.8403, 11.6619, 17.8045, 28.6531, 30.8707, 34.2345, 40.4969, 36.0139, 49.2544, 53.7122, 54.5711, 58.4637, 60.075, 21.0238, 27.313, 21.9545, 25.807, 28.4253, 26.6271, 18.6011, 15.8114, 13.4536, 19.7231, 15.6525, 16.2788, 18.2483, 23.0868, 19.105, 8.06226, 6.32456, 8.60233, 21.2132, 16.1245, 16.1245, 4.24264, 0, 5, 21.0238, 24.3311, 24.5153, 12.7279, 13.4536, 12.3693, 20.8087, 19.799, 19.799, 26.0768, 31.0644, 31.305, 33.121, 27.313, 28.6531, 34.0147, 34.0147, 34.7131, 37.2156, 43.0116, 43.0465, 35.0571, 39.0128, 34.0588, 48.6621, 51.0392, 46.1736, 55.7136, 54.7814, 51.0784, 51.6624, 51.9711, 51.923, 57.0088, 55.7853, 55.3173, 63.1269, 61.2944, 62.0081],
[23.7697, 28.6356, 30.4795, 18.3576, 17.8045, 25.632, 10.6301, 22.3607, 3.16228, 24.0832, 10.8167, 13.0384, 27.0185, 26, 30.8058, 39.0512, 32.0624, 45.7056, 51.4781, 50.01, 55.3624, 56, 25.9422, 32.2025, 26.9258, 30.8058, 33.4216, 31.6228, 20.6155, 16.4012, 15.2315, 19.799, 15.5563, 17.8885, 22.1359, 26.6833, 22.8035, 12.8062, 11.1803, 13.6015, 24.0208, 19.9249, 19.105, 6.08276, 5, 0, 22.561, 27, 27.0185, 13, 13.4164, 10, 16.1245, 14.8661, 14.8661, 24.7588, 29.7321, 29.4109, 28.178, 22.4722, 23.7065, 30.2655, 30.2655, 31.6228, 35.609, 41.7732, 41.4005, 31.4006, 35.0571, 30.4138, 45.3542, 47.2652, 42.5793, 53.2259, 52.3259, 48.7647, 47.0744, 47.5184, 47.2969, 54.0833, 52.811, 52.2015, 59.0085, 57.0789, 58.0345],
[24.0832, 32.573, 28.0713, 37.4433, 38.0789, 14.1421, 19.8494, 9, 19.9249, 3.60555, 13.0384, 33.0606, 16.7631, 37.2156, 29.1548, 25.1794, 33.6006, 42.3792, 40.1123, 54.4059, 48.3735, 55.5428, 29.7321, 34.9285, 29.1204, 30.2655, 31.0161, 31.257, 38.4187, 36.7151, 33.8378, 40.7063, 36.6742, 36.6197, 12.0416, 11.7047, 11, 17.6918, 22.6716, 21.2603, 6.32456, 11.4018, 7.61577, 17.088, 21.0238, 22.561, 0, 7.07107, 6.40312, 10, 10.0499, 16.2788, 36.1248, 33.3766, 33.3766, 13.9284, 17.1172, 19.6469, 40.3113, 34, 36.6742, 30.8058, 30.8058, 27.7308, 23, 26.6833, 28.1603, 31.0644, 36.0555, 30.2324, 40.5216, 45.31, 39.9249, 43.0116, 42.0119, 38.0132, 52.0096, 51.0392, 52.6308, 46.1736, 45.2769, 45.5412, 58.6941, 57.6975, 56.648],
[31.1448, 30.0167, 24.0416, 39.3954, 40.4969, 9.48683, 21.5407, 6.40312, 24.0208, 3.60555, 18.9737, 38.6394, 23.2594, 44.1022, 36.0555, 30.0666, 40.6079, 48.8467, 45.0444, 61.4003, 54.1295, 62.1691, 27.4591, 31.7805, 26.4197, 26.5707, 26.6833, 27.5136, 39.8246, 39.2173, 35.8469, 43.3244, 39.5601, 38.4838, 9.21954, 6.08276, 7.81025, 18.7883, 24.1661, 21.9545, 3.16228, 10, 8.24621, 21.0238, 24.3311, 27, 7.07107, 0, 1, 15.8114, 16.1555, 22.4722, 41.7732, 39.2938, 39.2938, 20.5913, 23.0868, 26, 47.1699, 40.8167, 43.4166, 37.8021, 37.8021, 34.4819, 28.4429, 31.0161, 33.0606, 38.0132, 43.0116, 37.2022, 46.8188, 51.8941, 46.5188, 48.1664, 47.1699, 43.1856, 59.0339, 58.0086, 59.6657, 51.788, 50.9902, 51.4198, 65.307, 64.4127, 63.1585],
[30.4138, 30.8869, 25, 39.8121, 40.8534, 10.4403, 21.9317, 7.07107, 24.0832, 3.16228, 18.6815, 38.4708, 22.3607, 43.566, 35.2278, 29.0689, 39.8246, 47.927, 44.0454, 60.6053, 53.1507, 61.2699, 28.3019, 32.6956, 27.2947, 27.5136, 27.6586, 28.4605, 40.3113, 39.5601, 36.2491, 43.6578, 39.8497, 38.9102, 10, 7.07107, 8.60233, 19.2354, 24.5967, 22.4722, 3.60555, 10.6301, 8.544, 21.095, 24.5153, 27.0185, 6.40312, 1, 0, 15.5242, 15.8114, 22.1359, 41.5933, 39.0512, 39.0512, 19.7231, 22.1359, 25.0799, 46.6476, 40.3113, 42.9418, 37.0135, 37.0135, 33.6155, 27.4591, 30.0167, 32.0624, 37.2022, 42.2019, 36.4006, 45.8803, 50.9902, 45.618, 47.1699, 46.1736, 42.19, 58.258, 57.2014, 58.8982, 50.8035, 50.01, 50.448, 64.405, 63.5295, 62.2415],
[18.9737, 31, 29.1204, 29.6985, 29.8329, 18.4391, 13.9284, 13.4536, 10.8167, 12.3693, 3.16228, 23.0868, 16.7631, 29.0689, 25.4951, 28.178, 28.7924, 40.1995, 42.0595, 49.1935, 48.1664, 52.3927, 28, 34.0588, 28.0713, 30.5941, 32.28, 31.5753, 31.241, 28.4253, 26.1725, 32.2025, 28.0179, 29, 15, 17.8045, 14.8661, 13.1529, 16.5529, 16.4924, 13.4164, 13.0384, 9.8995, 8.48528, 12.7279, 13, 10, 15.8114, 15.5242, 0, 1, 6.7082, 26.1725, 23.5372, 23.5372, 13.9284, 18.7883, 19.6469, 32.0156, 25.6125, 28.0179, 26.2488, 26.2488, 25.0799, 25.0799, 30.5287, 30.8707, 26.9258, 31.6228, 25.9615, 39.0128, 42.5793, 37.3363, 44.3847, 43.4166, 39.5601, 46.5296, 46.0977, 47.0106, 46.3897, 45.2769, 45.0999, 55.5428, 54.1202, 53.9351],
[18.0278, 32, 30.0832, 30.4138, 30.4795, 19.2094, 14.8661, 14.1421, 11.4018, 12.6491, 3, 23.0217, 15.8114, 28.4253, 24.5153, 27.2947, 27.8568, 39.2046, 41.1096, 48.3011, 47.1699, 51.4198, 29, 35.0571, 29.0689, 31.5753, 33.2415, 32.5576, 32.0156, 29.0689, 26.9072, 32.8024, 28.6007, 29.7321, 15.8114, 18.4391, 15.6205, 14.1421, 17.4642, 17.4642, 13.8924, 13.8924, 10.6301, 9.21954, 13.4536, 13.4164, 10.0499, 16.1555, 15.8114, 1, 0, 6.32456, 26.0768, 23.3452, 23.3452, 13, 17.8885, 18.6815, 31.4006, 25, 27.4591, 25.2982, 25.2982, 24.0832, 24.1661, 29.6816, 29.9666, 25.9615, 30.6757, 25, 38.0132, 41.5933, 36.3456, 43.4166, 42.45, 38.6005, 45.6508, 45.1885, 46.1411, 45.3982, 44.2832, 44.1022, 54.5711, 53.1601, 52.9528],
[15, 34.5254, 34.0147, 28.3019, 27.8029, 24.7588, 16.0312, 20, 9.48683, 18.9737, 3.60555, 17.0294, 17.0294, 22.6274, 22.0227, 29.0689, 24.3311, 37.054, 41.5933, 44.0114, 46.0977, 48.3735, 31.5753, 37.855, 32.0156, 35.1141, 37.1618, 36.0555, 30.4138, 26.4008, 25.0599, 29.7321, 25.4951, 27.7849, 21.2132, 24.4131, 21.2603, 16.4924, 18.0278, 19.105, 20.1246, 19.105, 16.4012, 9, 12.3693, 10, 16.2788, 22.4722, 22.1359, 6.7082, 6.32456, 0, 20, 17.1172, 17.1172, 14.8661, 19.799, 19.4165, 25.4951, 19.105, 21.4009, 22.0907, 22.0907, 22.3607, 25.6125, 31.8277, 31.4006, 23.0217, 27.2947, 22.0227, 36.3456, 39.0128, 34.0147, 43.4626, 42.5441, 38.9102, 41.2311, 41.1096, 41.6293, 44.643, 43.4166, 42.9535, 51.4781, 49.8197, 50.1597],
[25, 42.8019, 46.0109, 24.5153, 22.2036, 41.6293, 26.4008, 37.9473, 19.2354, 38.4708, 23.0868, 3.16228, 33.6155, 16.4924, 30.4138, 44.7772, 28.8444, 43.0465, 53.7587, 41.1947, 54.0833, 50, 40.4599, 46.4004, 41.7732, 45.9674, 48.7955, 46.6905, 27.6586, 21.3776, 23.4094, 22, 19.2354, 24.7386, 38.0789, 42.3792, 38.6264, 28.8444, 26.1725, 29.0689, 39.0512, 35.8469, 34.4819, 21.9317, 20.8087, 16.1245, 36.1248, 41.7732, 41.5933, 26.1725, 26.0768, 20, 0, 3.60555, 3.60555, 32.573, 36.7696, 34.8855, 17.0294, 14.3178, 13.3417, 28.4253, 28.4253, 32.5576, 41.1825, 47.8853, 46.3249, 29.8329, 31.3847, 29.0689, 43.8292, 43.382, 39.9625, 54.4885, 53.7587, 50.9313, 38.2099, 39.6232, 38.1182, 53.6004, 52.2015, 51.0392, 52.6308, 50.2195, 52.4976],
