/*********************************************
 * OPL 12.8.0.0 Model
 * Author: sebashc
 * Creation Date: 18/05/2018 at 4:11:38 p. m.
 *********************************************/
 execute
{
cplex.tilim=3600;
cplex.epgap=0.01;
} 
 
/***Constants***/
int depots=1; // Number of depots
int positions=200; // Number of current positions + (current positions + posibles positions)
int currentPositions=50; // Current positions
int vehicles=7; // Number of vehicles
//int maxCompartments=153; // Number of max compartments of the vehicle

/***Sets***/
range D=1..depots; // Set of depots
range V=1..depots+positions; // Set of vertices
range S=depots+1..depots+positions; // Set of current positions + posibles positions
range A=depots+1..depots+currentPositions; // Set of current positions
range K=1..vehicles; // Set of vehicles
//range M=1..maxCompartments; // Set of posibles configurations of compartments

/***Parametres***/
float c[V][V]=
[[0, 13.8924, 21.0238, 32.5576, 17.2047, 14.1421, 11.4018, 26.4197, 22.0227, 23.0868, 28.3196, 12.0416, 8.06226, 29.1548, 18.1108, 24.7386, 22.0227, 17.2627, 14.7648, 31.9061, 32.45, 32.0624, 20.8087, 22.0227, 25.0599, 23.0868, 28.1603, 8, 29.9666, 29.1204, 30.8707, 29.8329, 10, 34, 31.7805, 39.4081, 43.9318, 18.1108, 15.8114, 38.2884, 42.2019, 30.4795, 31.3209, 34.6554, 25, 31.3209, 2.23607, 9.43398, 15.8114, 21.6333, 26.1725, 14.8661, 16.5529, 10.6301, 20.8087, 18.9737, 21.6333, 30.6105, 32.8024, 33.3017, 14.8661, 16.2788, 20.8087, 17.6918, 11.4018, 16.4012, 8.06226, 14.2127, 14.4222, 28.2312, 29.6816, 27.2029, 25, 22.561, 25, 25.9615, 26.2488, 20.2485, 27.2029, 25.6125, 27.2029, 9, 12.6491, 12.6491, 5, 6.32456, 9.84886, 31.305, 27.8029, 25.9422, 16.7631, 15.1327, 21.095, 26.3059, 27.2029, 27.2947, 19.0263, 19, 22.0907, 18, 18.0278, 15.0333, 14.5602, 14.8661, 12.2066, 34.6699, 34.9857, 34.4819, 35.2278, 30.0167, 34.9857, 34.3657, 35.2278, 35.2278, 21.0238, 21.0238, 19.2354, 23.3238, 21.2603, 24.4131, 27.4591, 25.632, 25.807, 25.4951, 23.0217, 20.3961, 31.257, 25.1794, 31.257, 8.544, 8.544, 5.38516, 31.3847, 28.3019, 28.7924, 32.0156, 29.1548, 30.0832, 31.3847, 27.7308, 34.0147, 29.2746, 31.257, 30.6757, 6.7082, 9.48683, 12.0416, 35.5106, 36.3593, 36.6742, 34.5254, 34.3657, 29.4279, 41.2311, 37.7359, 36.0555, 46.2277, 46.8615, 43.1393, 15.0333, 20.6155, 19.6469, 18.6815, 19.3132, 13.8924, 36.0694, 39.598, 41.8688, 44.6542, 41.8688, 39.2046, 33.4216, 32.8024, 33.9706, 33.2415, 30.0832, 28.4605, 31.8904, 36.1248, 36.1248, 25.1794, 22, 23.1948, 34.176, 28.1603, 34.7851, 1, 4.47214, 4.47214, 12.083, 7.07107, 13.0384, 17, 18.6815, 18.3848, 22.3607, 23.4307, 23.7065, 28.6356, 24.0208, 26],
[13.8924, 0, 12.3693, 19.2094, 31.0644, 22.2036, 16.7631, 22.8254, 11.6619, 24.2074, 34.0147, 12.083, 20.8806, 41.8688, 26.9258, 36.0139, 18.6011, 30.6757, 27.5862, 45.793, 20.8806, 26.9258, 7.07107, 21.587, 29, 33.1059, 18.868, 8.06226, 16.1555, 21.3776, 32.6497, 17, 6.08276, 42.9535, 30.6105, 27.313, 31.0644, 30.4138, 18.7883, 43.0465, 56.0357, 44.2041, 44.9444, 34.176, 37.6563, 42.0476, 13.9284, 23.3238, 12.3693, 26.4008, 24.2074, 3.16228, 3, 4, 10, 12.53, 11, 16.9706, 19.105, 20.5913, 28.6007, 29.8329, 34.6699, 24.7386, 19.105, 22.8035, 16.1245, 16.0312, 19.4165, 22.8035, 26.4197, 25.0799, 14.7648, 10.198, 14.7648, 26.1725, 26.9072, 22.4722, 31.7648, 30.8707, 31.7648, 12.1655, 9.43398, 9.43398, 18.3848, 20.1246, 21.2132, 43.6005, 41.0122, 38.4187, 24.0416, 24.1661, 29.7321, 38.1182, 38.0132, 39.1152, 16.2788, 16.9706, 20.5183, 30.8058, 31.7805, 28.1603, 26.4008, 28.4253, 25.4951, 48.5489, 48.8774, 48.3735, 23.4094, 19.2354, 23.7697, 27.8927, 29.1204, 29.1204, 7.28011, 7.28011, 5.38516, 20.6155, 23.0868, 22.4722, 30.1496, 31.1448, 28.1603, 36.2353, 31.9531, 31.3847, 21.9545, 16.4012, 21.9545, 5.65685, 10.7703, 8.60233, 17.4929, 14.4222, 15.2971, 24.3311, 20.025, 21.0238, 34.4093, 30, 35.3836, 17.2627, 19.2354, 17.2627, 9.05539, 9.21954, 3.16228, 43.6807, 44.643, 45.8912, 32.45, 31.9061, 27.8029, 28.6531, 26.2488, 24.3516, 33.6155, 34.1321, 29.8329, 27.6586, 32.0624, 31.0644, 20.2485, 21.9545, 19.6469, 41.5933, 45.1774, 46.3249, 58.5235, 55.6058, 53.0094, 47.2017, 46.6154, 47.634, 47.0106, 43.8634, 42.1545, 32.28, 34.4384, 34.4384, 38.3275, 34.7131, 35.2278, 44.2832, 39.0128, 45.1774, 13.0384, 10.4403, 16.7631, 25.9422, 20.8087, 26.9258, 15.2971, 13.4164, 14.8661, 25.5539, 29.1548, 26.9258, 27.6586, 21.4009, 22.4722],
[21.0238, 12.3693, 0, 15.2971, 37.0135, 21.0238, 28.0713, 34.9285, 22.2036, 16.2788, 28.0713, 10.6301, 24.7588, 50.1199, 37.6563, 35.4683, 8.544, 34.0588, 35.7771, 50.9117, 12.0416, 14.7648, 10.6301, 33.9559, 41.1096, 43.4166, 29.0689, 19.0263, 18.9737, 9.05539, 23.7697, 23.3238, 11.4018, 39.1152, 20, 19.105, 24.4131, 31.9061, 14.5602, 35.4401, 61.5224, 50.448, 48.0104, 46.4866, 38.9487, 40.2616, 19.7231, 29.4109, 24.7386, 21.0238, 13.8924, 9.21954, 13.4164, 12.0416, 3.60555, 3.16228, 3.16228, 15, 17.0294, 14.3178, 35.2278, 36.8917, 40.4599, 21.8403, 18.868, 19.9249, 26.4764, 28.0713, 31.0161, 34.4819, 38.4838, 37.3363, 24.8395, 19.105, 24.8395, 17.088, 18.0278, 16, 25.1794, 25.02, 25.1794, 13.4536, 8.60233, 8.60233, 23.6008, 25.807, 23.4307, 52.3259, 48.5489, 46.9574, 35.2278, 34.7131, 40.6079, 38.0789, 36.6879, 39, 8, 9, 11.4018, 33.0151, 36.0694, 31.241, 35.4683, 35.5106, 33.121, 53.7401, 53.7587, 53.0754, 14.8661, 9.21954, 14.2127, 15.5242, 16.7631, 16.7631, 14.1421, 14.1421, 12.8062, 32.8938, 35.3553, 34.7851, 42.4264, 43, 40.4475, 46.1736, 42.7551, 41.1096, 31.8277, 27.2029, 31.8277, 16.0312, 22.0227, 17.4642, 18.2483, 15.5242, 20.1246, 12.0416, 8.24621, 9.21954, 26.2488, 21.8403, 25.9422, 25, 26.6271, 21.9317, 14.3178, 11.6619, 11, 39, 40, 42.107, 21.2132, 20.5183, 17.2047, 21.4009, 17.0294, 15.5563, 26.2488, 27.0185, 24.5967, 30, 32.2025, 31.305, 14.0357, 16.0312, 17.4642, 34.7131, 38.0789, 38.2753, 63.6553, 61.6198, 58.7282, 53.1507, 52.4023, 54.037, 50.6063, 47.634, 45.607, 44.643, 46.6154, 46.6154, 40.4969, 36.3593, 35.7771, 41.5933, 37.6431, 42.7551, 20.6155, 16.5529, 21.4009, 31.241, 27.7849, 32.8024, 27.6586, 25.632, 27.2029, 19.0263, 24.0208, 20.0998, 17.4929, 11.1803, 11.4018],
[32.5576, 19.2094, 15.2971, 0, 49.679, 36.0555, 35.3553, 35.0143, 21.095, 31, 43.0116, 25.0799, 38.2753, 61.0737, 45.6508, 50.5964, 23, 48.0208, 46.7547, 64.2028, 7.81025, 24.1661, 12.2066, 36.6742, 45.607, 51.9711, 25.318, 27.2029, 9.48683, 17.088, 37.4833, 15.8114, 22.8035, 54.3323, 32.28, 10.0499, 12.083, 46.5188, 29.8329, 49.4975, 74.6525, 63.0317, 62.2656, 47, 53.7122, 55.5428, 32.0156, 41.8688, 28.4605, 36.2215, 27.2947, 17.6918, 17.4929, 21.9317, 13, 18.4391, 12.6491, 3, 2.82843, 3.60555, 47.4236, 48.7955, 53.2635, 37.108, 33.6155, 35.171, 35.2278, 33.6155, 37.5766, 33.0606, 38.0132, 38.0526, 22.0227, 17.1172, 22.0227, 31.1448, 32.1403, 31.1448, 40, 40.05, 40, 27.2947, 22.3607, 22.3607, 36.4006, 38.4187, 37.5899, 62.8013, 60.1415, 57.6281, 42.4853, 43.0465, 48.3011, 53.1413, 51.923, 54.0833, 23.1948, 24.1868, 26, 47.4131, 49.6488, 45.2769, 45.607, 47.3814, 44.5533, 67.0075, 67.2012, 66.6108, 8.06226, 9.84886, 10, 22.4722, 23.8537, 23.8537, 13.9284, 13.9284, 14.7648, 34.2345, 39.2938, 36.2215, 45.8912, 48.3839, 43.9318, 55.2268, 50.5371, 50.4777, 26.9258, 25.02, 26.9258, 24.8395, 29.6816, 27.5862, 6.7082, 7, 12.3693, 18.3576, 13.9284, 14.3178, 40.3113, 36.1248, 39.0512, 18.6815, 19.3132, 13, 26.4008, 24.6982, 20.5183, 54.0833, 55.0818, 57.3149, 32.311, 31.3847, 29.8329, 10.198, 10.7703, 8.94427, 14.8661, 15.2315, 10.6301, 44.2945, 47.1699, 46.2385, 29.2746, 31.257, 32.573, 49.163, 52.345, 51.9711, 77.0065, 74.411, 71.7008, 65.9469, 65.2993, 66.5282, 64.6607, 61.5873, 59.6825, 46.0977, 46.0977, 46.0977, 55.0091, 50.9902, 50.6952, 56.8858, 52.8867, 58.0517, 31.8277, 28.4253, 34.4093, 44.2041, 39.6232, 45.4533, 31.3209, 27.6586, 29.8329, 34.0588, 39.2046, 35.0143, 30.5941, 25.0799, 24.3311],
[17.2047, 31.0644, 37.0135, 49.679, 0, 20.3961, 21.0238, 37.1214, 37.6431, 32.7567, 31.4006, 26.6271, 12.53, 15.0333, 17.8885, 18.868, 35.3412, 7.61577, 7.61577, 14.7648, 48.9183, 44.9444, 38.0132, 31.257, 28.6356, 17.6918, 42.5793, 24.1661, 47.0106, 43.909, 38.0132, 46.2385, 26.9072, 30.5287, 41.5933, 55.9732, 60.8112, 12.6491, 26.5707, 40.5216, 25, 13.4536, 16.0312, 40.8534, 14.8661, 24.8395, 17.6918, 7.81025, 29.4279, 28.0713, 37.6431, 32.0156, 33.6155, 27.8029, 37.4833, 34.4093, 38.2099, 47.8017, 50, 50.2096, 3, 3.60555, 3.60555, 23.0868, 20.2485, 23.3452, 18.2483, 25.02, 22.0907, 40.0125, 39.4588, 36.4966, 40.2616, 39, 40.2616, 35.6931, 35.5106, 29.8329, 32.0624, 30.0666, 32.0624, 23.6008, 28.4253, 28.4253, 13.4536, 11.3137, 14.8661, 18, 12.3693, 13.1529, 19.9249, 16.7631, 19.4165, 18.4391, 21.6333, 19.105, 32.6497, 32.2025, 34.176, 10.7703, 5, 9.05539, 10.7703, 4.12311, 7, 17.4929, 17.8885, 17.4642, 51.7397, 46.2277, 51.225, 47.927, 48.4665, 48.4665, 38.0789, 38.0789, 36.3593, 34.0588, 28.6356, 34.2345, 31.7805, 26.9258, 31.0161, 17.4929, 19.8494, 14.1421, 45.3982, 39.6232, 45.3982, 25.5539, 23.0868, 22.4722, 48.5489, 45.4863, 45.618, 46.5296, 44.6542, 45.4863, 37.054, 35.0571, 41, 45.2217, 47.1275, 47.4236, 23.3452, 25.4951, 29.2062, 33.121, 33.6155, 32.2025, 44.7214, 44.911, 40.025, 58, 54.037, 52.4976, 62.9682, 63.6553, 60.208, 11.0454, 16.1555, 15.8114, 29.4109, 28.8617, 23.0868, 37.6431, 40.4969, 43.9659, 27.4591, 24.7588, 22.0227, 16.2788, 15.6205, 17.0294, 17.1172, 14.0357, 13.0384, 37.6962, 43.3244, 43.3244, 13.0384, 12.8062, 15.8114, 28.4253, 22.2036, 28.3196, 18.0278, 21.2603, 15.6205, 5.83095, 10.2956, 4.24264, 29.0689, 32.3883, 31.1448, 30.2655, 28.0179, 31.1448, 38.833, 36.4006, 38.6264],
[14.1421, 22.2036, 21.0238, 36.0555, 20.3961, 0, 25.4951, 40.2244, 33.2415, 12.3693, 14.2127, 11.1803, 9.21954, 35.3553, 30.4631, 14.5602, 16.2788, 14.7648, 23.1948, 31.9061, 32.7567, 25.0599, 27.074, 36.1248, 38.833, 33.9559, 40.1622, 20.5913, 37.1214, 25.4558, 18.2483, 39.1152, 16.1245, 20.8806, 21.2132, 39.6611, 45.2769, 11.3137, 7.07107, 24.2074, 42.4382, 32.6956, 27.5862, 48.7955, 18.0278, 20.025, 12.0416, 15.1327, 29.1548, 8.24621, 17.4642, 21, 25.1794, 18.2483, 23.0868, 17.8885, 23.4094, 35.171, 37.3631, 35.3412, 20.025, 22.0227, 23.0868, 3.60555, 3.16228, 3, 22.0227, 28.3196, 28.4253, 41.6773, 43.6005, 41.2311, 36.4006, 32.3883, 36.4006, 15.2971, 15.1327, 9.48683, 13.4164, 11.6619, 13.4164, 10.0499, 14.1421, 14.1421, 11.1803, 12.6491, 6.08276, 38.2099, 32.7567, 33.0606, 30.0167, 27.7308, 33.2415, 17.088, 16.1245, 18.0278, 14.2127, 13.4536, 14.4222, 12.8062, 17.4642, 12.083, 24.7386, 21, 20.2237, 34.6699, 34.4093, 33.6006, 35.5106, 29.6816, 34.4093, 28.3019, 28.6531, 28.6531, 29.0172, 29.0172, 27.0185, 37.2022, 35.3836, 38.4187, 41.4005, 38.9487, 39.8246, 35.3553, 34.7851, 30.5941, 43.3244, 37.3363, 43.3244, 19.3132, 22.2036, 17, 37.4833, 34.3657, 37, 27.6586, 27.0185, 27.6586, 18.0278, 15.1327, 21.3776, 39.4588, 41.4367, 39, 13.6015, 13.0384, 19.105, 21.9317, 22.8473, 23.7697, 24.3311, 24.5153, 19.6469, 42.19, 37.2022, 36.0555, 46.8722, 47.7074, 45.618, 10.2956, 11.1803, 10.2956, 9.43398, 8.544, 3.60555, 21.9317, 25.4558, 27.8029, 44.2041, 43.0465, 39.9625, 34.8855, 34, 36.2491, 30.4138, 27.6586, 25.4951, 46.0109, 50.2494, 50.2494, 19.8494, 15.6205, 14.7648, 22.0907, 17.1172, 23.0217, 14.8661, 13.4164, 10, 15.0333, 15.8114, 17.0294, 30.8058, 31.7648, 31.9061, 10, 9.43398, 11.0454, 18.4391, 16.6433, 18.868],
[11.4018, 16.7631, 28.0713, 35.3553, 21.0238, 25.4951, 0, 16.4924, 18.0278, 34.0147, 39.6989, 21.8403, 18.0278, 27.2029, 10.2956, 34.4384, 31.5753, 24.7386, 14.5602, 34.9285, 37.6431, 41.3038, 23.2594, 11.1803, 13.9284, 16.6433, 21.8403, 9.05539, 29.7321, 37.0135, 42.0595, 27.2029, 17.0294, 44.6542, 42.3792, 44.0114, 47.4131, 27.313, 26.8328, 49.679, 44.0114, 31.9531, 37, 23.3452, 33.2415, 41.1461, 13.6015, 15.5242, 8.94427, 33.0151, 36.4006, 19.4165, 17.8885, 16.0312, 26.4764, 27.0185, 27.4591, 32.7567, 34.6699, 37.1618, 18.0278, 18.2483, 24.1868, 29.0689, 22.8035, 27.8029, 3.60555, 4, 3.16228, 19.105, 19.3132, 16.5529, 20.1246, 20.5183, 20.1246, 36.7696, 37.1618, 31.305, 38.6005, 37.0135, 38.6005, 19.3132, 21.2132, 21.2132, 15, 14.7648, 20.6155, 28.3196, 27.2947, 23.6008, 7.28011, 7.81025, 13, 35.4683, 37.1214, 36.4006, 28.6356, 28.8617, 32.28, 26.5707, 24.1868, 23.4094, 12.083, 17.1172, 14.0357, 37.3631, 38.0789, 37.855, 40.1622, 35.9026, 40.5216, 43.0465, 44.1022, 44.1022, 21.6333, 21.6333, 20.5913, 13.3417, 9.8995, 13.9284, 16.1245, 15.1327, 14.4222, 20, 15.2315, 15.5563, 24.5153, 18.9737, 24.5153, 12.0416, 6.08276, 11.1803, 32.0156, 29.4109, 27.5862, 40.0125, 36.2215, 37.2156, 42.72, 38.9487, 45.1774, 25.5539, 27.2947, 29.0689, 15.5242, 18.4391, 17.1172, 46.4004, 47.2017, 47.1699, 44.9222, 44.643, 39.8497, 45.1885, 43.0116, 41.1096, 50.0899, 50.5371, 45.793, 24.1661, 30.4138, 29.5296, 29.5466, 30.4138, 25.2389, 47.4236, 50.9313, 53.2635, 46.8188, 42.9535, 40.8534, 35.1141, 34.7851, 34.9285, 38.1182, 35.0571, 34, 20.5183, 25, 25, 32.5576, 30.3645, 32.311, 44.2945, 38.0132, 44.7214, 10.8167, 13.9284, 15.5563, 18.4391, 12.6491, 18.1108, 8.06226, 11.7047, 10.198, 33.6155, 34.8281, 34.9857, 39.2173, 33.9559, 35.6931],
[26.4197, 22.8254, 34.9285, 35.0143, 37.1214, 40.2244, 16.4924, 0, 14.0357, 46.0977, 54.037, 33.3017, 34.0147, 39.8497, 21.587, 50.6952, 41.3401, 41.2311, 30, 50.1597, 40.3113, 49.6588, 25.7099, 6.08276, 14.2127, 26.9258, 11.1803, 19.8494, 26.3059, 43.6578, 54.5619, 20.8806, 27.0185, 60.4152, 53.2541, 45, 46.3897, 43.6578, 39.598, 63.7809, 58.2495, 46.5296, 53.1507, 12.0416, 49.7293, 57.3847, 28.3019, 32.0156, 11.3137, 46.7547, 46.8722, 25.9422, 21.5407, 25, 31.9531, 35.3553, 32.8938, 32.0156, 33.1361, 38.0132, 34.1321, 34.0147, 40.0125, 43.6005, 37.2022, 42.0119, 19.9249, 12.6491, 15.0333, 3.60555, 3.60555, 3.16228, 13.1529, 18.0278, 13.1529, 48.4149, 49.0408, 43.8634, 52.4023, 51.0882, 52.4023, 31.8277, 31.4006, 31.4006, 30.8707, 31.0161, 36.2353, 39.9249, 41, 36.4006, 18.2483, 21.095, 22.4722, 51.8652, 53.3104, 52.811, 38.833, 39.4081, 43.0116, 43.0116, 40.6079, 39.8497, 27.0185, 33.0606, 30.1496, 52.345, 53.2353, 53.1507, 42.107, 39.8121, 43.2897, 50.3289, 51.6236, 51.6236, 22.3607, 22.3607, 22.8035, 3.16228, 9.48683, 3.16228, 12.8062, 17.8045, 11.3137, 30.4631, 24.1661, 27.8927, 12.0416, 10.198, 12.0416, 21.9317, 18.0278, 23.4307, 29.2746, 28.0179, 23.3452, 46.4866, 41.7612, 42.72, 55.8659, 51.6624, 57.4891, 18.0278, 18.7883, 23.7697, 27.5862, 29.7321, 25.2389, 61.9112, 62.7694, 63.0635, 55.2268, 54.7083, 50.4777, 45.0999, 45.0999, 43.1045, 49.366, 49.4975, 43.7379, 40.4969, 46.6154, 45.6946, 41.7732, 43.1393, 39.0512, 61.8466, 65.437, 67.2681, 61.1882, 56.7539, 55.109, 49.6488, 49.4975, 49.0306, 54.0093, 51.0392, 50.1597, 11.1803, 11.7047, 11.7047, 49.0306, 46.8402, 48.7032, 60.4152, 54.231, 60.9262, 25.5539, 27.0185, 30.8869, 34.9285, 29.1204, 34.5254, 9.43398, 9.43398, 8.48528, 46.669, 49.0408, 48.0833, 50.2195, 44.1022, 45.2769],
[22.0227, 11.6619, 22.2036, 21.095, 37.6431, 33.2415, 18.0278, 14.0357, 0, 35.805, 45.618, 23.7065, 30, 45.2217, 27.5862, 46.2709, 29.6985, 39.2046, 32.2025, 52.2015, 26.3059, 36.8917, 12.083, 15.8114, 25.0799, 33.9411, 7.2111, 14.0357, 13, 30.4138, 44.2041, 9.21954, 17.4642, 54.1202, 41.7253, 31.0161, 32.7567, 40.0125, 30.4138, 54.7083, 61.7414, 49.6588, 52.9528, 26.0768, 47.0106, 52.6118, 23.0217, 30.5941, 9.21954, 38.0132, 35.3553, 14.2127, 9.21954, 15.2315, 18.868, 23.3452, 19.7231, 18.1108, 19.4165, 24, 34.7851, 35.4683, 41.1096, 36.0555, 30.0832, 34.176, 19.6977, 14.8661, 19.105, 12.6491, 17.2627, 17, 3.16228, 4, 3.16228, 37.6431, 38.4187, 34.1321, 43.4166, 42.4853, 43.4166, 23.4094, 21.095, 21.095, 27.0185, 28.1603, 31.1448, 46.2277, 45.2769, 41.6173, 24.0416, 25.6125, 29.7321, 48.0937, 48.5077, 49.0918, 27.6586, 28.4253, 31.8904, 40.0125, 39.6232, 37.054, 30.0167, 34.176, 31.0161, 54.7814, 55.3624, 55.0273, 28.0713, 25.9615, 29.2746, 37.1214, 38.4708, 38.4708, 8.544, 8.544, 9.43398, 13.1529, 18.7883, 15.1327, 25, 28.178, 23.0868, 37.4833, 31.8904, 33.4216, 10.2956, 5, 10.2956, 14.1421, 14.5602, 17.0294, 15.8114, 14.1421, 10.2956, 33.1059, 28.2312, 29.1548, 46.0435, 41.6173, 46.8615, 7.61577, 9.48683, 11.4018, 19.6469, 20.6155, 14.7648, 55.0273, 55.9732, 57.0088, 43.2782, 42.638, 38.8973, 31.257, 31.0644, 29.0689, 35.6931, 35.9026, 30.3645, 37, 42.19, 41.1947, 31.9061, 33.6155, 31.0161, 53.2353, 56.8243, 57.9828, 64.4748, 60.8276, 58.6003, 52.8015, 52.3927, 52.7731, 54.5711, 51.4198, 50.01, 25.02, 25.4951, 25.4951, 47.1699, 44.0114, 45.0444, 55.109, 49.4975, 55.9017, 21.0238, 20.2237, 26.0192, 33.541, 27.6586, 33.9559, 11.4018, 7.2111, 9.43398, 37.2156, 40.7185, 38.5876, 38.8973, 32.5269, 33.3017],
[23.0868, 24.2074, 16.2788, 31, 32.7567, 12.3693, 34.0147, 46.0977, 35.805, 0, 12.0416, 12.8062, 21.0238, 47.676, 41, 23.3452, 8, 26.9258, 35, 43.8292, 25.4951, 13.4536, 26, 43.2666, 47.927, 45.2769, 43.0116, 26.6271, 35.171, 16.1555, 8.48528, 39, 19.105, 23.7697, 9, 31.6228, 37.6431, 22.8254, 7.28011, 19.3132, 54.2033, 44.9444, 38.6005, 56.3028, 28.4253, 26.4197, 20.8806, 27.0185, 34.8281, 6.40312, 5.65685, 21.6333, 26.6271, 21.2132, 19.6469, 13.6015, 19.4165, 31.1448, 33.0606, 29.1548, 32.249, 34.2345, 35.4401, 10.2956, 13, 9.48683, 31.0161, 35.8469, 37.1618, 46.669, 49.679, 47.8017, 38.833, 33.6155, 38.833, 3, 3.16228, 3, 9, 9.21954, 9, 14.7648, 14.8661, 14.8661, 22.0907, 24.0208, 18.1108, 50.4876, 45.1221, 45.2769, 39.8497, 38.0789, 43.9318, 26.1725, 23.6008, 26.9072, 8.544, 7.61577, 5, 24.5967, 29.7321, 24.3516, 36.1248, 33.1361, 32, 46.5296, 46.1411, 45.2769, 27.8927, 22.3607, 26.2488, 16.9706, 17.0294, 17.0294, 29.0689, 29.0689, 27.2947, 43.4166, 43.4166, 45, 50.0899, 48.7032, 48.3011, 47.0425, 45.7056, 42.107, 46.0435, 40.6079, 46.0435, 24.2074, 29.1548, 23.3238, 34.5254, 31.7805, 36.0555, 17.4929, 18.6815, 18.9737, 10.2956, 5.83095, 11.4018, 40.2492, 42.0476, 37.9473, 18.868, 16.4012, 21.2603, 23.1948, 24.1868, 26.6833, 12.0416, 12.1655, 7.28011, 34.4819, 28.7924, 28.1603, 38.6264, 39.5601, 38.833, 22.4722, 21.4009, 20.8087, 4.47214, 4, 10, 18.4391, 21.8403, 22.3607, 55.7584, 55.0091, 51.8845, 47.0106, 46.0977, 48.4665, 41.6173, 39.1152, 36.8917, 53.8516, 57.2014, 57.2014, 30.8058, 26.6271, 24.8395, 26.9258, 24.4131, 28.2312, 23.4094, 20.1246, 20.2237, 27.2947, 27.074, 29.2746, 37.2022, 36.7967, 37.6431, 3.60555, 8.94427, 4.12311, 6.08276, 6.32456, 8.06226],
[28.3196, 34.0147, 28.0713, 43.0116, 31.4006, 14.2127, 39.6989, 54.037, 45.618, 12.0416, 0, 21.9317, 22.8254, 46.1736, 44.2945, 15.8114, 20.025, 24.0832, 36.0555, 38.833, 37.4833, 23.7065, 37.108, 50.2096, 53.0094, 47.1699, 52.7731, 34.2053, 46.6905, 27.8927, 9.21954, 50, 28.178, 12.083, 15.6205, 43.4166, 49.4773, 19.0263, 15.2315, 10, 48.3839, 41.1947, 31.9531, 62.9682, 21.8403, 16.2788, 26.1725, 28.2312, 42.8019, 7.61577, 16.7631, 31.9531, 36.7696, 30.4138, 31.257, 25.1794, 31.1448, 43.0465, 45.0111, 41.1947, 32.0156, 33.9559, 33.0606, 10.6301, 16.9706, 12.0416, 36.2353, 42.4264, 42.638, 55.2178, 57.4891, 55.2268, 48.7545, 44.0114, 48.7545, 12.6491, 11.7047, 12.1655, 3.16228, 3.16228, 3.16228, 22.4722, 24.6982, 24.6982, 25.2389, 26.4197, 19.7231, 49.2544, 43.0465, 44.5533, 44.1022, 41.6773, 46.9574, 18.3848, 14.7648, 18.7883, 20.0998, 19.105, 17.0294, 21.0238, 27.074, 22.3607, 38.0789, 33.2415, 33.2415, 41.2311, 40.5216, 39.5601, 39.8121, 34.3657, 38.0789, 27.2947, 26.9258, 26.9258, 39.8497, 39.8497, 37.9473, 51.0882, 49.5782, 52.4023, 55.6058, 53, 54.037, 48.0833, 48.3322, 43.6578, 55.9017, 50.1199, 55.9017, 32.45, 36.1248, 30.6105, 46.2709, 43.4166, 47.2969, 28.7924, 30.5941, 30.8058, 6.7082, 8.06226, 11.1803, 50.9215, 52.811, 49.2443, 26.6271, 25.0599, 30.8707, 11.1803, 12.1655, 14.8661, 18.3848, 19.105, 16.1245, 46.3249, 40.5216, 40.025, 50.2892, 51.2445, 50.8035, 20.3961, 16.0312, 16, 14.3178, 12.3693, 15, 7.81025, 11.4018, 13.6015, 49.3964, 49.7293, 46.5725, 42.5793, 41.5933, 44.4072, 35.1141, 33.2415, 31.0483, 60.208, 64.3506, 64.3506, 24.7386, 21.2132, 18.4391, 15.8114, 15.2643, 17.2047, 29, 27.0185, 24.2074, 27.2029, 29.5296, 29.1204, 44.6878, 45.2217, 45.607, 9.05539, 5, 8, 14.7648, 18.2483, 19.6469],
[12.0416, 12.083, 10.6301, 25.0799, 26.6271, 11.1803, 21.8403, 33.3017, 23.7065, 12.8062, 21.9317, 0, 14.2127, 40.3113, 30.0167, 25.7099, 10, 23.4307, 26.2488, 40.3113, 22.6716, 20.025, 16, 30.5287, 35.7351, 35.1283, 30.8869, 13.8924, 26.0192, 17.4642, 21.2603, 28.4429, 6.40312, 31.257, 20.6155, 29.7321, 35, 21.4709, 6.7082, 31.0644, 50.9313, 40, 37.4433, 43.566, 28.6356, 31.1448, 10.198, 19.2354, 22.0227, 14.3178, 14.5602, 10.198, 14.8661, 8.60233, 12.083, 7.81025, 12.53, 24.0416, 26.2488, 24.6982, 25.0599, 26.8328, 30, 13.0384, 8.544, 11.0454, 19.2354, 23.2594, 25, 33.9706, 36.8782, 35, 26.8328, 22.1359, 26.8328, 15.2643, 15.8114, 10.6301, 19.7231, 18.7883, 19.7231, 3.16228, 3, 3, 13.4164, 15.6525, 12.8062, 42.72, 38.4708, 37.3363, 28.2843, 27.0185, 33.0151, 28.1603, 27.2947, 29.1204, 7, 7.07107, 10.4403, 22.4722, 25.4558, 20.6155, 26.4764, 25.4951, 23.4094, 43.1393, 43.1393, 42.45, 25.4951, 19.799, 24.7588, 22.3607, 23.1948, 23.1948, 18.2483, 18.2483, 16.2788, 30.6105, 30.8707, 32.2025, 37.6962, 36.8782, 35.8469, 37.4833, 35, 32.3883, 34, 28.3019, 34, 11.4018, 16.5529, 10.7703, 26.3059, 23.1948, 26.0768, 20.2485, 18.0278, 18.868, 22.6716, 18.3848, 24.2074, 29.1204, 31.0483, 28.0713, 6.32456, 3.60555, 8.94427, 31.7805, 32.7567, 34.2345, 23.0868, 22.8035, 18.0278, 32.0156, 27.5862, 26.1725, 36.8782, 37.6431, 34.9857, 19.4165, 22.1359, 21.1896, 8.48528, 10, 8, 29.5296, 33.121, 34.4093, 53.0377, 51.0882, 48.1664, 42.638, 41.8688, 43.6005, 40, 37.0135, 35, 41.1825, 44.4072, 44.4072, 30.0167, 25.9422, 25.632, 33, 28.2843, 34.0147, 12, 8.06226, 11.1803, 20.8087, 18.0278, 22.4722, 24.4131, 24.0416, 24.8395, 13.6015, 17.088, 15, 17.4642, 12.1655, 14.0357],
[8.06226, 20.8806, 24.7588, 38.2753, 12.53, 9.21954, 18.0278, 34.0147, 30, 21.0238, 22.8254, 14.2127, 0, 26.9258, 21.4709, 16.7631, 22.8473, 9.84886, 14.0357, 26.1725, 36.7696, 32.573, 27.313, 29.1548, 30.4795, 24.7386, 36.2215, 16.0312, 37, 31.3847, 27.4591, 37.4833, 15.6525, 26.6271, 30.0167, 43.8406, 48.9183, 10.0499, 14.3178, 32.7567, 36.7696, 25.807, 24.1661, 41.2311, 17.0294, 23.4094, 7.07107, 6, 23.7697, 17.4642, 25.4951, 21.0238, 23.7697, 17.088, 25.6125, 22.0227, 26.2488, 36.7151, 38.9487, 38.4187, 11.4018, 13.3417, 15.8114, 12.6491, 8.06226, 12.1655, 14.4222, 21.4709, 20.6155, 36.0555, 37.1214, 34.4819, 33.0151, 30.2655, 33.0151, 24.0208, 24, 18.0278, 22.4722, 20.6155, 22.4722, 11.3137, 16.2788, 16.2788, 3.16228, 3.60555, 3.16228, 29.6142, 24.6982, 24.3311, 21.4009, 18.868, 24.1661, 18.2483, 19.3132, 19.2354, 20.1246, 19.6977, 21.8403, 10.0499, 11.4018, 7.28011, 15.5242, 12.1655, 11.0454, 29, 29.0689, 28.4253, 39.598, 33.9706, 38.9487, 35.4683, 36.0555, 36.0555, 28.1603, 28.1603, 26.2488, 30.8707, 27.8029, 31.7648, 33.2415, 30.2324, 31.8277, 26.1725, 25.632, 21.3776, 39.3192, 33.2415, 39.3192, 16.1245, 16.4924, 13.0384, 38.0789, 34.9285, 36.1386, 34, 32.2025, 33.0151, 27.2029, 24.3311, 30.5941, 37.1214, 39.1152, 38.0789, 12.083, 13.6015, 18.3848, 28.4253, 29.2062, 29.1548, 33.0606, 33.1361, 28.1603, 46.0109, 41.7732, 40.3113, 50.9313, 51.6624, 48.6004, 7, 12.6491, 11.7047, 17.2627, 17.0294, 11.0454, 30.2324, 33.6006, 36.3593, 38.9487, 36.8782, 33.9706, 28.4253, 27.6586, 29.4109, 26.4197, 23.3238, 21.4709, 38.2884, 43.0116, 43.0116, 17.4642, 14.0357, 15.1327, 26.4008, 20.2485, 26.9258, 9.05539, 10.4403, 4.12311, 6.7082, 6.7082, 8.544, 24.6982, 26.6833, 26.2488, 19.105, 18.3848, 20.2237, 27.074, 24.0416, 26.2488],
[29.1548, 41.8688, 50.1199, 61.0737, 15.0333, 35.3553, 27.2029, 39.8497, 45.2217, 47.676, 46.1736, 40.3113, 26.9258, 0, 18.3848, 32.28, 49.6488, 22.0907, 14.4222, 14.4222, 61.5873, 59.4811, 48.9183, 33.8378, 27.1662, 13.1529, 48.3011, 33.9706, 56.6392, 57.7754, 53.0377, 54.4059, 39.1152, 43.6578, 56.5685, 68.5055, 72.8011, 27.1662, 41.2311, 54.9181, 19, 9.43398, 21.9317, 39, 26.9258, 37.1618, 30.4138, 21.1896, 36.0555, 43.1045, 52.3927, 43.6005, 43.8634, 39.4081, 49.93, 47.8539, 50.774, 58.7963, 60.8769, 62.2013, 15.5242, 13.6015, 13.1529, 38.1182, 34.9285, 38.3275, 26.1725, 30.5287, 26.4197, 43.3244, 41, 38.0789, 47.1699, 47.634, 47.1699, 50.636, 50.4876, 44.7214, 47.0106, 45.0111, 47.0106, 37.1618, 41.5933, 41.5933, 26.9258, 24.6982, 29.6142, 3.16228, 3.60555, 3.60555, 21.9317, 19.7231, 17.4642, 31.0161, 34.7851, 31.3847, 46.8188, 46.4866, 48.7647, 25.1794, 19.105, 24, 15.5563, 14.8661, 17, 15.2315, 16.5529, 17, 64.3506, 59.1693, 64.1405, 62.2977, 62.9365, 62.9365, 48.0833, 48.0833, 46.6905, 37.3363, 30.3645, 36.6879, 30.0666, 24.0208, 30.2655, 10, 16.1245, 12.083, 50.5668, 45.6508, 50.5668, 36.2353, 31.8277, 33.6006, 58.6941, 55.8659, 54.6717, 60.5392, 58.1378, 59.0339, 52.0096, 50.0899, 56.0089, 52.6973, 54.3783, 56.2228, 35.8469, 38.4708, 40.8044, 46.4866, 46.8188, 44.7772, 59.6825, 59.8415, 54.9181, 70.214, 66.888, 65.192, 75.213, 75.8024, 71.7008, 26, 30.4138, 30.2655, 44.1475, 43.7379, 37.855, 51.9711, 54.5711, 58.2495, 22, 17.1172, 16.0312, 11.7047, 12.083, 10.198, 20.6155, 19.105, 20, 36.0139, 42.0119, 42.0119, 24.1661, 25.9615, 29.1204, 40.7185, 35.1141, 40.2492, 29.6816, 33.6155, 29.1548, 20.3961, 22.3607, 18.4391, 34.4819, 38.5876, 36.7151, 45.2769, 43, 46.1736, 53.7587, 50.9608, 53.1601],
[18.1108, 26.9258, 37.6563, 45.6508, 17.8885, 30.4631, 10.2956, 21.587, 27.5862, 41, 44.2945, 30.0167, 21.4709, 18.3848, 0, 35.3836, 40.0125, 24.2074, 10.2956, 29.0172, 47.7598, 50, 33.541, 15.5242, 10.7703, 6.40312, 30.0167, 18.9737, 39.8246, 46.3897, 48.3839, 36.7967, 26.3059, 46.6905, 49.8197, 54.231, 57.7062, 28.2843, 33.7343, 54.2033, 36.6742, 25.0799, 33.2415, 23.0868, 32.45, 41.8688, 20.2237, 16.4012, 18.3848, 38.6264, 44.2832, 29.4109, 28.178, 25.7099, 36.4006, 36.2215, 37.3631, 43.0465, 44.9444, 47.4236, 15.2643, 14.3178, 19.9249, 34.0147, 28.4605, 33.2415, 11.1803, 12.7279, 8.48528, 25, 23.0868, 20.0998, 29.2062, 30.4795, 29.2062, 43.9318, 44.1475, 38.0789, 43.8634, 42.0476, 43.8634, 27.074, 30.0666, 30.0666, 19.3132, 17.8885, 24.5967, 18.868, 19.4165, 14.8661, 3.60555, 3, 3, 35.609, 38.2099, 36.4006, 37.0135, 37.054, 40.1995, 26.9072, 22.4722, 24.0416, 7.2111, 13.8924, 12.0416, 31.0161, 32, 32.0156, 50.3289, 45.8803, 50.5964, 52.0865, 53.0377, 53.0377, 31.9061, 31.9061, 30.8869, 18.9737, 12.1655, 18.4391, 13.9284, 9.21954, 13.3417, 9.8995, 5.09902, 6.32456, 32.2025, 27.4591, 32.2025, 21.8403, 16.1555, 20.2237, 42.2019, 39.6611, 37.5366, 49.366, 45.8912, 46.8722, 48.4665, 45.2217, 51.5461, 34.8281, 36.4006, 38.8973, 24.0208, 27.0185, 26.9258, 48.9183, 49.5782, 48.7955, 52.6118, 52.469, 47.5184, 55.4617, 53.1413, 51.264, 60.3738, 60.8276, 56.0803, 25.4951, 31.8277, 31.1448, 36.6742, 37.108, 31.3209, 51.6236, 54.9181, 57.8014, 39.6232, 35.171, 33.541, 28.1603, 28.0713, 27.4591, 33.541, 30.8058, 30.3645, 19.9249, 25.7099, 25.7099, 30.8869, 30, 32.6497, 45.3431, 38.9487, 45.4533, 18.0278, 22, 20.8806, 18.3848, 14.7648, 17.0294, 16.4012, 20.6155, 18.6011, 39.8497, 39.8121, 41.1096, 46.6905, 42.107, 44.0454],
[24.7386, 36.0139, 35.4683, 50.5964, 18.868, 14.5602, 34.4384, 50.6952, 46.2709, 23.3452, 15.8114, 25.7099, 16.7631, 32.28, 35.3836, 0, 29.6816, 11.4018, 25.4951, 23.1948, 46.9574, 36.7696, 41.4367, 45.618, 45.607, 36.4006, 52.7731, 32.5576, 51.4781, 38.833, 24.5967, 53.0094, 30.0666, 11.6619, 30.2324, 53.7122, 59.4811, 7.2111, 21.0238, 23.0217, 32.573, 26.0192, 16.1555, 57.1402, 6.08276, 6.7082, 23.3452, 19.4165, 40.5216, 16.9706, 29, 35.2278, 39.0128, 32.0156, 37.6431, 32.311, 37.9473, 49.7293, 51.923, 49.7695, 20.6155, 22.2036, 19.3132, 13.8924, 17.2627, 15.6525, 30.8707, 38.0789, 36.7151, 52.811, 53.7122, 50.9902, 49.366, 46.0109, 49.366, 25.4951, 24.8395, 21.4009, 17.8885, 16.1245, 17.8885, 24.1868, 28.6356, 28.6356, 19.9249, 19.6977, 15.1327, 35.4401, 28.8617, 31.3847, 36.4006, 33.4216, 37.4833, 2.82843, 2.82843, 3.60555, 28.178, 27.2947, 27.2029, 8.48528, 13.8924, 11.4018, 28.2843, 22.0227, 23.3452, 25.4951, 24.7386, 23.7697, 49.6488, 43.8292, 48.3735, 40.3113, 40.3113, 40.3113, 43.1045, 43.1045, 41.1096, 47.5395, 43.909, 48.3322, 48.6004, 44.5982, 47.4342, 36.3593, 38.2884, 32.8024, 55.9017, 49.8197, 55.9017, 32.1403, 33.2415, 29.2746, 51.9711, 48.8365, 51.1566, 40.6079, 40.8167, 41.3401, 22.4722, 22.4722, 26.9258, 53.0377, 55.0364, 53.1507, 27, 27.1662, 33.0606, 14.3178, 14.7648, 13.4536, 33.2866, 33.8378, 29.8329, 56.356, 51.1077, 50.1199, 60.9016, 61.7738, 60.0083, 10.2956, 4.12311, 5.09902, 22.4722, 20.8087, 18.0278, 20.025, 22.3607, 26.1725, 33.6155, 33.9559, 30.8058, 27.074, 26.0768, 29.0172, 19.3132, 17.4642, 15.2971, 54.0833, 59.1693, 59.1693, 9.05539, 6.32456, 3.16228, 10, 3.60555, 10.2956, 25.7099, 26.0768, 20.3961, 17.0294, 21.9545, 18.3848, 41.4367, 43.4166, 43.0116, 19.799, 15, 19.8494, 28.4253, 29.2062, 31.241],
[22.0227, 18.6011, 8.544, 23, 35.3412, 16.2788, 31.5753, 41.3401, 29.6985, 8, 20.025, 10, 22.8473, 49.6488, 40.0125, 29.6816, 0, 30.8058, 35.9026, 48.0104, 17.72, 10.0499, 18.868, 39.3954, 45.3542, 45.0999, 36.7967, 23.0868, 27.5136, 9.21954, 15.2315, 31.7648, 14.8661, 31.5753, 12.0416, 24.1661, 30.0832, 27.5862, 9.21954, 26.9258, 58.6003, 48.3735, 43.8406, 52.3259, 34.0588, 33.6155, 20.0998, 28.4605, 30.4138, 13.6015, 5.65685, 15.6205, 20.5183, 16.5529, 12.083, 6.40312, 11.7047, 23.1948, 25.0799, 21.2132, 34.176, 36.0555, 38.4708, 15.8114, 15.2643, 14.2127, 29.1548, 32.573, 34.7131, 41.4005, 44.9444, 43.4166, 32.5576, 27.0185, 32.5576, 8.544, 9.48683, 8.544, 17, 17.1172, 17, 13.0384, 10.4403, 10.4403, 22.8035, 25, 20.5913, 52.2015, 47.5395, 46.8402, 38.2099, 37.0135, 43.0116, 32.45, 30.4138, 33.2866, 3, 3.16228, 3, 29.0689, 33.2866, 28.0179, 36.3456, 34.7851, 32.9848, 50.8035, 50.6063, 49.8197, 20.2485, 14.5602, 18.7883, 12.6491, 13.3417, 13.3417, 22.2036, 22.2036, 20.6155, 38.9487, 40.1622, 40.7063, 47.1275, 46.6905, 45.2217, 47.3814, 45, 42.2966, 39.6989, 34.6554, 39.6989, 20.2485, 25.9615, 20.3961, 26.6833, 24.0416, 28.6356, 11.4018, 11.1803, 11.6619, 17.72, 13.3417, 17.4929, 33.2866, 34.9857, 30.4631, 16.1245, 13.1529, 16.1245, 31.1448, 32.1403, 34.5254, 13.8924, 13.4164, 9.21954, 26.9258, 21.4709, 20.6155, 31.305, 32.2025, 31.0483, 26.4008, 27.0185, 26.2488, 7.2111, 8.94427, 12.8062, 26.3059, 29.6142, 29.7321, 60.4401, 59.0762, 56.0357, 50.774, 49.93, 51.9711, 46.6905, 43.9318, 41.7732, 50.1597, 52.8394, 52.8394, 36.0694, 31.8277, 30.6105, 34.4819, 31.305, 35.7351, 22, 18.0278, 20.6155, 29.5466, 27.6586, 31.3847, 33.1059, 31.9061, 33.121, 11.1803, 16.4924, 12.0416, 9.21954, 2.82843, 4.12311],
[17.2627, 30.6757, 34.0588, 48.0208, 7.61577, 14.7648, 24.7386, 41.2311, 39.2046, 26.9258, 24.0832, 23.4307, 9.84886, 22.0907, 24.2074, 11.4018, 30.8058, 0, 14.1421, 17.2047, 46.0977, 39.8246, 37.1618, 35.7351, 34.6699, 25, 45, 25.1794, 46.8188, 39.8246, 31.257, 47.0744, 25.4951, 23.0217, 35.4401, 53.1507, 58.4123, 5.09902, 21.6333, 32.9848, 27.8029, 18.0278, 14.3178, 46.5296, 8.544, 17.6918, 16.7631, 9.21954, 32.0624, 21.587, 32.2025, 30.8707, 33.5261, 26.9258, 35.2278, 31.1448, 35.805, 46.5296, 48.7647, 48.0104, 9.21954, 10.8167, 9, 16.7631, 15.6205, 17.4642, 21.3776, 28.6356, 26.5707, 43.7379, 43.9659, 41.1096, 42.107, 39.8121, 42.107, 29.7321, 29.4109, 24.1661, 25.02, 23.0217, 25.02, 20.8087, 25.807, 25.807, 12.3693, 11.0454, 10.6301, 25.1794, 19, 20.6155, 25.5539, 22.4722, 26.1725, 11.4018, 14.2127, 12.2066, 28.4253, 27.8029, 29.1548, 3.16228, 3, 2.82843, 17.0294, 10.6301, 12.2066, 20, 19.8494, 19.105, 48.9183, 43.1856, 48.1041, 43.0465, 43.4166, 43.4166, 37.9473, 37.9473, 36.0555, 38.0789, 33.6155, 38.6005, 37.7359, 33.4216, 36.7151, 25.0599, 26.9072, 21.4009, 48.0104, 42, 48.0104, 25.7099, 25, 22.561, 47.927, 44.7772, 45.8803, 42.2019, 41.0366, 41.7732, 30.0167, 28.4429, 34.1321, 46.5296, 48.5077, 47.8017, 21.9317, 23.3238, 28.2312, 25.5539, 26.0768, 24.8395, 38.6005, 38.8973, 34.176, 55.4437, 50.9313, 49.5782, 60.3075, 61.0737, 58.2495, 4.47214, 8.544, 8.24621, 24.1868, 23.2594, 18.0278, 30.0832, 32.8938, 36.4006, 29.7321, 28.3019, 25.2389, 20.1246, 19.2354, 21.5407, 16.6433, 13.6015, 11.6619, 43.4166, 48.7545, 48.7545, 8, 5.83095, 8.48528, 21.2132, 14.8661, 21.2603, 18.2483, 20.2485, 13.9284, 6.32456, 12.1655, 7.2111, 32.3883, 35.0571, 34.2345, 24.0416, 21.095, 24.7386, 32.8938, 31.3847, 33.6155],
[14.7648, 27.5862, 35.7771, 46.7547, 7.61577, 23.1948, 14.5602, 30, 32.2025, 35, 36.0555, 26.2488, 14.0357, 14.4222, 10.2956, 25.4951, 35.9026, 14.1421, 0, 20.3961, 47.1699, 45.8912, 34.6554, 24.0208, 21.0238, 11.1803, 36.4006, 19.8494, 42.8019, 43.6578, 41.4367, 41.1825, 24.6982, 37.0135, 44, 54.0833, 58.4123, 18.6011, 28.0713, 45.6946, 29.5466, 17.4642, 23.3452, 33.2415, 22.2036, 31.8277, 16.1555, 8.06226, 23.4094, 31.4006, 39.2046, 29.2062, 29.7321, 25, 35.5106, 33.6155, 36.3593, 44.5533, 46.669, 47.8017, 5, 4.12311, 10.0499, 26.4764, 22, 26.1725, 12.53, 18.4391, 15.0333, 33.0606, 32.1403, 29.1548, 34.5398, 34.1321, 34.5398, 38, 38.0132, 32, 36.1386, 34.2053, 36.1386, 23.0868, 27.313, 27.313, 13.1529, 11.0454, 17.1172, 16.5529, 13.4536, 11.1803, 12.3693, 9.21954, 12.0416, 25.4951, 28.3196, 26.2488, 32.9848, 32.7567, 35.3553, 17.0294, 12.2066, 14.4222, 3.16228, 3.60555, 3, 22.8035, 23.5372, 23.3452, 49.93, 44.7772, 49.7393, 48.5077, 49.2443, 49.2443, 34.0588, 34.0588, 32.5576, 27.0185, 21.2132, 27.0185, 24.1661, 19.4165, 23.4094, 12.1655, 12.8062, 7.61577, 39.0512, 33.5261, 39.0512, 21.9317, 18.0278, 19.2094, 44.6878, 41.7732, 41.0488, 46.4866, 43.8634, 44.7772, 41, 38.3275, 44.5533, 39.8121, 41.6293, 42.72, 21.4709, 24.1661, 26.4008, 39.4081, 40, 38.9487, 47.0106, 47.0425, 42.0476, 55.8032, 52.4786, 50.774, 60.803, 61.4003, 57.3847, 16.1245, 22.2036, 21.6333, 31.0644, 31, 25, 42.9535, 46.0652, 49.2443, 32.311, 28.6531, 26.4008, 20.6155, 20.2485, 20.5913, 24.0208, 21.095, 20.3961, 30.0832, 35.7351, 35.7351, 20.5913, 19.8494, 22.6274, 35.3553, 29, 35.3836, 15.2643, 19.2354, 15.2971, 8.94427, 8.24621, 7.2111, 22.561, 26.2488, 24.7386, 33.1361, 32.0156, 34.2345, 41.0122, 37.4833, 39.6232],
[31.9061, 45.793, 50.9117, 64.2028, 14.7648, 31.9061, 34.9285, 50.1597, 52.2015, 43.8292, 38.833, 40.3113, 26.1725, 14.4222, 29.0172, 23.1948, 48.0104, 17.2047, 20.3961, 0, 62.9365, 56.9386, 52.6973, 44.1022, 39.3192, 25.7099, 56.7539, 38.9102, 61.7738, 57.0088, 47.1275, 60.9262, 41.4005, 33.1361, 52, 70.0071, 75.0733, 21.0238, 38.833, 46.0435, 10.6301, 5, 8.544, 51.6236, 17.1172, 26.1725, 32.2025, 22.4722, 43.6807, 38.0789, 49.2443, 46.6154, 48.3735, 42.4382, 51.7397, 48.1041, 52.4023, 62.426, 64.6375, 64.5368, 17.4642, 16.7631, 11.1803, 33.541, 32.8024, 34.4819, 32.573, 38.833, 35.3553, 53.3385, 52.0096, 49.0102, 54.7083, 53.7122, 54.7083, 46.5188, 46.0977, 41.1825, 40.5216, 38.6005, 40.5216, 37.4833, 42.45, 42.45, 27.8029, 25.807, 27.6586, 17.0294, 11.1803, 16.1555, 32.0156, 29.0689, 29.2746, 21.0238, 25.02, 21, 45.607, 45, 46.3249, 19.2354, 14.8661, 20, 23.1948, 18.0278, 21.1896, 2.82843, 3.16228, 3, 65.7647, 60.1082, 65.0692, 60.208, 60.5392, 60.5392, 52.8394, 52.8394, 51.1077, 47.2652, 41.0122, 47.0956, 42.4264, 36.6742, 42.19, 23.4094, 28.6356, 23.1948, 59.439, 53.8516, 59.439, 40.3113, 37.6962, 37.2156, 63.2851, 60.208, 60.3738, 59.4054, 58.1378, 58.8982, 45.3542, 44.5982, 49.7293, 59.808, 61.6847, 62.1691, 37.8021, 39.6989, 43.8292, 36.1248, 36.2215, 33.541, 55.1543, 55.5428, 50.9902, 72.1803, 67.897, 66.468, 77.1038, 77.8332, 74.6525, 21.6333, 23.0868, 23.4094, 41.3401, 40.3113, 35.2278, 43.0465, 45.0111, 49, 12.8062, 11.1803, 8.06226, 4.12311, 3.16228, 6.32456, 6.40312, 6.08276, 8, 48.5077, 54.4518, 54.4518, 14.1421, 17.72, 20.3961, 29.4279, 25, 28.6356, 32.7567, 35.805, 29.8329, 20, 25.0599, 18.868, 42.9535, 46.5725, 45.1221, 40.7185, 37, 41.2311, 49.6588, 48.5489, 50.774],
[32.45, 20.8806, 12.0416, 7.81025, 48.9183, 32.7567, 37.6431, 40.3113, 26.3059, 25.4951, 37.4833, 22.6716, 36.7696, 61.5873, 47.7598, 46.9574, 17.72, 46.0977, 47.1699, 62.9365, 0, 16.7631, 15.0333, 41.0122, 49.366, 53.8516, 31.6228, 28.7924, 16.6433, 10.0499, 31.0161, 22.8254, 22.4722, 49.2443, 25.318, 7.07107, 12.53, 43.8292, 25.9422, 43.0465, 73.5391, 62.3699, 60, 52.345, 50.774, 51.264, 31.4006, 41.2311, 32.1403, 31.3209, 21.0238, 18.3848, 20.2237, 22.3607, 11.6619, 15, 10.8167, 10, 10.6301, 4.47214, 47.0106, 48.6004, 52.4023, 33.1059, 30.8058, 31.305, 36.7696, 36.6742, 40.2616, 38.833, 43.566, 43.1856, 27.8927, 22.3607, 27.8927, 25.0799, 26.0768, 26.2488, 34.3657, 34.7131, 34.3657, 25.4558, 20.5183, 20.5183, 35.4683, 37.6431, 35.4683, 63.6318, 60.2163, 58.3095, 44.9222, 44.9444, 50.5964, 49.6488, 47.927, 50.5371, 18.7883, 19.6977, 20.6155, 45, 48.1041, 43.2782, 46.5296, 47.2017, 44.6542, 65.7647, 65.7951, 65.1153, 2.82843, 3.16228, 3, 14.7648, 16.1245, 16.1245, 18.0278, 18.0278, 18.0278, 39.0512, 43.1856, 41.0488, 50.0899, 51.788, 48.0937, 56.8595, 52.811, 51.8941, 33.6155, 30.8058, 33.6155, 26, 31.6228, 28.178, 14.2127, 13.4164, 19.2354, 10.7703, 7, 7.07107, 34, 30.0666, 32.249, 25.4951, 26.4197, 20.2485, 25.807, 23.4307, 21.0238, 48.6621, 49.6488, 52.1728, 25, 24.0416, 23.0868, 9.43398, 5.38516, 3.60555, 14.2127, 15, 13.3417, 42.0119, 43.909, 43.0465, 24.6982, 26.5707, 29.1548, 43.0116, 46.0109, 45.2769, 75.6902, 73.5935, 70.7248, 65.1153, 64.3817, 65.9469, 62.6259, 59.6657, 57.6281, 51.0882, 51.788, 51.788, 52.4309, 48.2597, 47.5079, 52.2015, 48.8467, 53.4509, 31.9061, 28.0179, 33.3017, 43.1856, 39.4081, 44.6878, 35.1283, 32, 34.0147, 28.8617, 34.2053, 29.6142, 24.0208, 19.2354, 18.0278],
[32.0624, 26.9258, 14.7648, 24.1661, 44.9444, 25.0599, 41.3038, 49.6588, 36.8917, 13.4536, 23.7065, 20.025, 32.573, 59.4811, 50, 36.7696, 10.0499, 39.8246, 45.8912, 56.9386, 16.7631, 0, 25, 48.3839, 54.9181, 55.1453, 43.6005, 32.5576, 31.4006, 7.2111, 15.5242, 36.7967, 24.3311, 35.7771, 9.05539, 21, 27.0185, 36.0555, 18.3848, 27.1662, 67.4166, 57.6975, 52.0096, 61.0983, 41.8688, 39.4081, 30.1496, 38.3275, 39.2173, 19.799, 7.81025, 23.7697, 28.178, 25.7099, 18.0278, 14.5602, 17.2047, 25.5539, 26.8328, 21.1896, 43.9659, 45.8803, 47.927, 23.6008, 24.6982, 22.4722, 39.0512, 41.9762, 44.4072, 49.2443, 53.2259, 52, 39.4081, 33.6006, 39.4081, 11.4018, 12.2066, 15.8114, 20.5913, 21.6333, 20.5913, 23.0868, 20.0998, 20.0998, 32.7567, 34.9285, 30.0832, 62.0967, 57.2451, 56.7539, 48.0937, 47, 53, 39.598, 36.8782, 40.3113, 13.0384, 13.1529, 10.7703, 37.7359, 42.4853, 37.1214, 46.3897, 44.643, 42.9535, 59.6825, 59.3633, 58.5235, 18.2483, 14.3178, 16.1245, 3.60555, 3.60555, 3.60555, 28.6007, 28.6007, 27.4591, 47.5395, 49.4773, 49.3964, 56.5155, 56.4358, 54.5711, 57.4282, 55.0091, 52.345, 46.2277, 41.8808, 46.2277, 29.6142, 35.5106, 30.1496, 29.6816, 27.8029, 33.3017, 6.08276, 10.2956, 9.84886, 18.6815, 15.6525, 16.0312, 38.8973, 40.3113, 34.8281, 26.0192, 23.0217, 25, 34.5398, 35.4683, 38.4838, 8.24621, 7.28011, 7.61577, 24, 18, 18.1108, 27.2947, 28.2843, 29.0689, 35.3553, 34.8281, 34.2053, 15.6525, 16.6433, 21.9317, 27.6586, 30.2655, 29, 69.0652, 68.0955, 65, 59.9416, 59.0593, 61.2699, 55, 52.4309, 50.2195, 59.1354, 61.327, 61.327, 44.2041, 40, 38.2884, 39.4462, 37.6431, 40.8167, 32.0156, 28, 30.5941, 39.2173, 37.6563, 41.1096, 42.0595, 40.3113, 41.7852, 16.9706, 22.0227, 17.0294, 8.94427, 8.544, 6.32456],
