/*********************************************
 * OPL 12.8.0.0 Model
 * Author: sebashc
 * Creation Date: 18/05/2018 at 4:11:38 p. m.
 *********************************************/
 execute
{
cplex.tilim=3000;
cplex.epgap=0.01;
} 
 
/***Constants***/
int depots=1; // Number of depots
int positions=128; // Number of current positions + (current positions + posibles positions)
int currentPositions=32; // Current positions
int vehicles=5; // Number of vehicles
//int maxCompartments=153; // Number of max compartments of the vehicle

/***Sets***/
range D=1..depots; // Set of depots
range V=1..depots+positions; // Set of vertices
range S=depots+1..depots+positions; // Set of current positions + posibles positions
range A=depots+1..depots+currentPositions; // Set of current positions
range K=1..vehicles; // Set of vehicles
//range M=1..maxCompartments; // Set of posibles configurations of compartments

/***Parametres***/
float c[V][V]=
[[0, 68.2642, 52.811, 34.4384, 48.3322, 62.6099, 64.846, 65.2993, 69.3181, 69.7711, 72.9178, 63.9062, 56.3028, 69.0507, 74.0068, 77.1038, 115.248, 85.1469, 90.956, 91.6788, 107.968, 101.242, 103.368, 118.87, 113.635, 93.0484, 89.4539, 96.8762, 96.3172, 85.703, 57.9741, 61.0328, 67.624, 71.1126, 71.2531, 71.1758, 49.6488, 52.8867, 52.9245, 37.5766, 37.5899, 32.311, 47.1699, 44.7772, 44.7772, 59.5063, 64.0078, 65.307, 64.4981, 62.6498, 62.1772, 65.7951, 63.0714, 63.9766, 68.0294, 65.7419, 68.4763, 67.6018, 67.1193, 66.6483, 69.857, 70.6612, 70.6612, 63.8905, 67.4166, 67.0671, 53.4883, 54.231, 53.8516, 66.4906, 72.1803, 67.6831, 76.0263, 73.1095, 71.007, 80.1561, 74.0608, 74.027, 117.047, 112.361, 117.881, 87.0517, 88.2043, 84.3801, 89.8443, 88.6002, 89.2693, 91.4822, 89.0225, 90.802, 105.513, 109.385, 110.603, 98.4937, 102.142, 100.424, 104.048, 102.108, 102.772, 115.918, 115.918, 116.297, 110.887, 116.52, 110.766, 93, 90.0056, 90.0222, 92.5419, 92.4392, 90.7965, 94.0479, 94.2019, 93.9042, 95.0789, 93.3916, 95.0789, 88.8651, 82.2192, 85.7963, 54.8179, 56.6127, 56.2939, 64, 64.0312, 63.0079, 65.307, 68.7095, 69.3181],
[68.2642, 0, 21.095, 38.0789, 61.2209, 25.0599, 25.0799, 26, 25.7099, 26.6833, 25.0799, 17.8885, 19.8494, 6, 7.81025, 9.21954, 56.7274, 17.0294, 26.2488, 26.4008, 42.72, 37.0135, 36.6742, 51.2445, 45.3982, 25.1794, 25.807, 33.8378, 37.4833, 36.4006, 24.1868, 10.6301, 21.8403, 3.60555, 3, 3.16228, 23.2594, 18.7883, 23.6008, 35.4401, 37, 38.4708, 63.6003, 61.0328, 61.0328, 23.6008, 27.7308, 23.7697, 28.6356, 22.8254, 26.4197, 22.4722, 23.7065, 23.2594, 22.8035, 24.6982, 28.1603, 28.4605, 27.5136, 26.5707, 22.3607, 26.4764, 26.4764, 14.7648, 18.6815, 17.72, 22.2036, 23.4307, 22.8035, 8.544, 7.61577, 9.21954, 11.3137, 5.38516, 7.61577, 12.0416, 6.7082, 7.2111, 59.4643, 54.4885, 58.4123, 19.2354, 20, 16.1245, 26.9072, 25.4951, 23.6008, 27.5862, 24.7588, 24.1868, 39.9625, 43.4166, 44.7772, 33.6006, 38.9487, 35.2278, 38.0789, 36.3593, 35.4683, 48.3839, 48.3839, 49.0408, 42.7551, 48.2597, 42.5793, 25.7099, 22.561, 22.3607, 28.8444, 28.3019, 28.4253, 32.0156, 32.6497, 31.4006, 38.4187, 35.4683, 38.4187, 38.4838, 33.5261, 38.8973, 25, 26.9258, 22.2036, 7.2111, 8.94427, 7.07107, 23.7697, 19.4165, 25.7099],
[52.811, 21.095, 0, 19.105, 40.3609, 12.53, 14.4222, 15.2643, 18.4391, 19.2094, 21.2603, 11.1803, 3.60555, 18.6815, 28.8444, 29.9666, 77.6209, 37, 38.4708, 39.3192, 55.3173, 48.5077, 51.2445, 67.1193, 63.1981, 45.2217, 46.8722, 54.9181, 58.1378, 54.6443, 32.5576, 21.9545, 15.6205, 24.6982, 23.7065, 24.1868, 3.16228, 3.16228, 3.16228, 16.0312, 17.0294, 20.6155, 42.638, 40, 40, 8.94427, 15.2315, 14.2127, 16.1555, 11.4018, 13, 14.1421, 12.2066, 12.8062, 16.2788, 15, 18.868, 18.3576, 17.4929, 16.6433, 17.8045, 19.8494, 19.8494, 11.1803, 14.7648, 14.3178, 2, 4, 3, 15.2971, 21.3776, 16.1245, 32.2025, 26.4197, 27.6586, 32.311, 27.7849, 28.3019, 80.2808, 75.2861, 79.404, 39.5601, 39.5601, 35.171, 37.108, 35.9026, 37.1214, 38.833, 36.4966, 39.0128, 52.9528, 56.8858, 58.0517, 45.8912, 49.3356, 47.8539, 51.6236, 49.6488, 51.0392, 64.1249, 64.1249, 64.2806, 60.075, 66.2722, 60.1332, 46.2385, 43.0813, 42.72, 49.93, 49.3964, 49.4065, 53.0094, 53.6004, 52.4309, 58.6941, 55.9017, 58.6941, 57.2014, 51.3128, 56.6039, 31.1448, 34.2345, 29.4279, 22.0227, 23.6008, 20.6155, 14.2127, 16.1245, 18.4391],
[34.4384, 38.0789, 19.105, 0, 31.0161, 28.178, 30.4138, 30.8869, 34.8855, 35.3553, 38.4838, 29.8329, 22.3607, 37.1214, 45.2217, 47.2969, 92.2822, 54.9181, 57.5587, 58.4209, 74.3303, 67.4685, 70.3491, 86.209, 82.0549, 63.1506, 62.7694, 70.7743, 72.5603, 65.9469, 39.0512, 34.4819, 33.2415, 41.4849, 41, 41.2311, 16.0312, 20.025, 18.6815, 3.16228, 3.60555, 3.16228, 32.2025, 29.0689, 29.0689, 25.0799, 29.6816, 30.8707, 30.2324, 28.2312, 27.7849, 31.3847, 28.6356, 29.5466, 33.6155, 31.305, 34.1321, 33.2866, 32.7567, 32.249, 35.4683, 36.2353, 36.2353, 30.2655, 33.2415, 32.9848, 19.4165, 19.9249, 19.6469, 34.0147, 40.05, 35, 48.1041, 43.4166, 43.0813, 50.01, 44.643, 44.9222, 94.6678, 89.6939, 94.414, 57.2713, 57.7062, 53.4603, 56.0892, 54.9181, 56.2228, 57.8705, 55.5788, 58.0775, 72.0069, 75.9539, 77.1038, 64.9384, 68.1542, 66.9104, 70.7107, 68.7314, 70.1142, 83.2166, 83.2166, 83.3847, 79.0063, 85.0941, 79.0253, 63.7887, 60.6383, 60.4152, 65.9242, 65.5515, 64.8845, 68.4471, 68.8767, 68.0294, 72.4017, 69.9714, 72.4017, 68.884, 62.3699, 67.2086, 36.4006, 39.4081, 36.1248, 36.2491, 37.1214, 34.9285, 30.8707, 34.4819, 34.8855],
[48.3322, 61.2209, 40.3609, 31.0161, 0, 39.3954, 40.8534, 40.4969, 43.9659, 43.6807, 47.8017, 45.6508, 41.4005, 57.6888, 69.029, 69.6348, 117.924, 75.8024, 71.1688, 72.4224, 85.3288, 78.4474, 83.9345, 99.6895, 98.3514, 83.7257, 87.0057, 95, 98.4937, 94.3663, 69.1158, 61.6198, 45.31, 64.8151, 63.6003, 64.2028, 38.8973, 43.1393, 37.6431, 31.305, 29.0689, 33.5261, 3, 3.60555, 3.60555, 38.9487, 38.2753, 42.1545, 37.9473, 41.1461, 38.0789, 43.4626, 40.7185, 41.6293, 44.9444, 41.7852, 41.4849, 40.5216, 40.8044, 41.1096, 46.8188, 44.643, 44.643, 48.0208, 47.4236, 47.8539, 39.0512, 37.8021, 38.4187, 54.0833, 59.6825, 54.3783, 72.4707, 66.4003, 68.0147, 71.5612, 67.8012, 68.4105, 120.615, 115.624, 119.633, 78.5493, 77.8974, 73.4302, 68.4105, 67.72, 71.1688, 70.6045, 69.2604, 73.736, 83.7437, 87.6641, 88.459, 77.1298, 77.9295, 79.0759, 83.1986, 81.2527, 84.7703, 96.7729, 96.7729, 96.3172, 94.8683, 101.514, 95.1893, 85.235, 82.1523, 81.6333, 90, 89.4036, 89.6437, 93.2363, 93.8616, 92.6175, 99.0353, 96.2601, 99.0353, 97.0824, 90.9065, 96.0469, 66.7308, 69.8355, 66.0379, 62.2254, 63.6553, 60.8112, 42.1545, 47.927, 43.9659],
[62.6099, 25.0599, 12.53, 28.178, 39.3954, 0, 2.23607, 2.82843, 6.7082, 7.2111, 10.4403, 7.2111, 9.48683, 20, 32.45, 31.8904, 80.6598, 37.0135, 32.3883, 33.541, 48.0104, 41.0122, 45.3982, 61.4003, 59.203, 44.6542, 49.5782, 57.28, 62.0081, 61.327, 43, 30.4138, 6.08276, 28.3019, 26.6271, 27.4591, 15, 14.8661, 10.6301, 25.0599, 25.0799, 30.5287, 42.1545, 40.1622, 40.1622, 3.60555, 3, 3, 4, 2.23607, 1.41421, 4.12311, 1.41421, 2.23607, 6, 3.16228, 6.40312, 5.83095, 5, 4.24264, 8, 8.06226, 8.06226, 10.2956, 8.06226, 8.60233, 10.8167, 9.21954, 10, 16.6433, 21.2132, 16.4012, 36.0555, 29.4109, 32.6497, 33.2415, 30.8058, 31.6228, 83.5464, 78.6448, 82.0244, 39.8246, 38.833, 34.4093, 30.0666, 29.1548, 32.0156, 32.1403, 30.4138, 34.4819, 46.0109, 50.01, 51, 39.0512, 41.1947, 41.0488, 45.0999, 43.1045, 45.8912, 58.4209, 58.4209, 58.2151, 55.7853, 62.3618, 56.0446, 46.4004, 43.4166, 42.8019, 52.345, 51.6236, 52.4976, 55.9732, 56.7274, 55.2268, 63.2456, 60.2163, 63.2456, 63.5059, 58.3095, 63.6946, 42.107, 45.0444, 40.0125, 29.1204, 31.0483, 27.8927, 3, 8.544, 6.7082],
[64.846, 25.0799, 14.4222, 30.4138, 40.8534, 2.23607, 0, 1, 4.47214, 5, 8.24621, 7.28011, 11.1803, 19.7231, 32.249, 31.4006, 80.0562, 36.1248, 30.5941, 31.7805, 46, 39, 43.566, 59.5399, 57.5674, 43.6005, 49.0408, 56.6392, 61.6117, 61.4654, 44.0454, 31.1448, 4.47214, 28.178, 26.4197, 27.2947, 17.0294, 16.5529, 12.7279, 27.2947, 27.313, 32.7567, 43.6578, 41.7612, 41.7612, 5.65685, 2.82843, 1.41421, 3.60555, 3.16228, 3, 2.82843, 2.23607, 2, 4.12311, 1, 4.47214, 4.12311, 3.16228, 2.23607, 6.08276, 5.83095, 5.83095, 10.4403, 7.07107, 7.81025, 12.8062, 11.3137, 12.0416, 16.5529, 20.6155, 16.1245, 35.8469, 29.1548, 32.6956, 32.5576, 30.5287, 31.3847, 82.9759, 78.1025, 81.3449, 38.9487, 37.8021, 33.4216, 28.1603, 27.2947, 30.3645, 30.2655, 28.6356, 32.8938, 44.0454, 48.0416, 49.0102, 37.1214, 39.1152, 39.1152, 43.1856, 41.1947, 44.1475, 56.5685, 56.5685, 56.3205, 54.1202, 60.7289, 54.4059, 45.4533, 42.5206, 41.8688, 51.7397, 50.9902, 52.0096, 55.4437, 56.2228, 54.6717, 62.9682, 59.9083, 62.9682, 63.561, 58.5235, 63.9062, 43.2897, 46.1736, 41.1096, 29.6142, 31.5753, 28.4429, 1.41421, 7.2111, 4.47214],
[65.2993, 26, 15.2643, 30.8869, 40.4969, 2.82843, 1, 0, 4.12311, 4.47214, 8.06226, 8.24621, 12.083, 20.5913, 33.121, 32.2025, 80.8084, 36.7967, 30.8058, 32.0156, 46.0109, 39.0128, 43.7379, 59.6825, 57.8705, 44.2041, 49.8197, 57.3847, 62.426, 62.3939, 45.0444, 32.1403, 5, 29.0689, 27.2947, 28.178, 17.8045, 17.4642, 13.4536, 27.7849, 27.7308, 33.2866, 43.3244, 41.4849, 41.4849, 6.40312, 2.23607, 2.23607, 2.82843, 4.12311, 3.16228, 3.60555, 3.16228, 3, 4.47214, 1.41421, 3.60555, 3.16228, 2.23607, 1.41421, 6.32456, 5.38516, 5.38516, 11.4018, 7.81025, 8.60233, 13.6015, 12.0416, 12.8062, 17.4642, 21.4009, 17, 36.7151, 30.0167, 33.6155, 33.3017, 31.3847, 32.249, 83.7377, 78.8733, 82.0731, 39.6232, 38.4187, 34.0588, 28.2843, 27.4591, 30.6757, 30.4138, 28.8617, 33.2415, 44.1022, 48.0937, 49.0408, 37.2156, 39.0512, 39.2046, 43.2897, 41.3038, 44.3847, 56.7186, 56.7186, 56.4358, 54.4059, 61.0328, 54.7083, 46.0977, 43.1856, 42.5206, 52.4976, 51.7397, 52.8015, 56.2228, 57.0088, 55.4437, 63.8122, 60.7454, 63.8122, 64.4748, 59.4643, 64.846, 44.2832, 47.1699, 42.107, 30.5941, 32.5576, 29.4279, 2.23607, 7.81025, 4.12311],
[69.3181, 25.7099, 18.4391, 34.8855, 43.9659, 6.7082, 4.47214, 4.12311, 0, 1, 4, 9.21954, 15, 19.9249, 32.311, 30.8869, 79.0253, 34.7131, 27.2029, 28.4605, 42.0476, 35.0571, 40.025, 55.9017, 54.4243, 41.7732, 48.2597, 55.6058, 61.0574, 61.9839, 46.3897, 33.0151, 4, 28.4605, 26.5707, 27.5136, 21.2132, 20.2485, 17.0294, 31.7648, 31.7805, 37.2156, 46.8402, 45.1221, 45.1221, 10, 6, 4.24264, 6.08276, 7.07107, 7.28011, 4.47214, 6.40312, 5.65685, 3, 3.60555, 2.82843, 3.60555, 3.16228, 3, 3.60555, 1.41421, 1.41421, 12.0416, 7.07107, 8.06226, 16.9706, 15.6205, 16.2788, 17.2627, 20.1246, 16.4924, 35.8469, 29.1548, 33.2415, 31.6228, 30.4631, 31.3847, 82.0061, 77.201, 80.1561, 37.5366, 36.0694, 31.8277, 24.5153, 23.7697, 27.313, 26.6833, 25.2982, 29.9666, 40.1995, 44.1814, 45.0999, 33.3766, 35.0143, 35.3553, 39.4588, 37.4833, 40.8044, 52.9528, 52.9528, 52.6118, 50.9215, 57.5847, 51.264, 43.8406, 41.0366, 40.3113, 50.8035, 50, 51.3128, 54.6443, 55.4707, 53.8238, 62.6498, 59.5399, 62.6498, 63.9062, 59.203, 64.5601, 45.8912, 48.6621, 43.566, 31.0644, 33.0606, 30.0167, 4.24264, 6.32456, 0],
[69.7711, 26.6833, 19.2094, 35.3553, 43.6807, 7.2111, 5, 4.47214, 1, 0, 4.12311, 10.198, 15.8114, 20.8806, 33.2415, 31.7648, 79.8123, 35.4683, 27.5136, 28.7924, 42.107, 35.1283, 40.2616, 56.0892, 54.7814, 42.45, 49.0918, 56.4004, 61.9112, 62.9365, 47.3814, 34.0147, 5, 29.4109, 27.5136, 28.4605, 21.9317, 21.095, 17.6918, 32.249, 32.2025, 37.7359, 46.5725, 44.911, 44.911, 10.6301, 6.08276, 5, 6, 7.81025, 7.61577, 5.38516, 7.07107, 6.40312, 4, 4.24264, 2.23607, 3.16228, 3, 3.16228, 4.47214, 1, 1, 13.0384, 8.06226, 9.05539, 17.6918, 16.2788, 16.9706, 18.2483, 21.0238, 17.4642, 36.7696, 30.0832, 34.2053, 32.45, 31.3847, 32.311, 82.801, 78.0064, 80.9197, 38.2884, 36.7696, 32.5576, 24.7386, 24.0416, 27.7308, 26.9258, 25.632, 30.4138, 40.3113, 44.2832, 45.1774, 33.541, 35, 35.5106, 39.6232, 37.6563, 41.1096, 53.1507, 53.1507, 52.7731, 51.264, 57.9396, 51.6236, 44.5533, 41.7732, 41.0366, 51.614, 50.8035, 52.1536, 55.4707, 56.3028, 54.6443, 63.5295, 60.4152, 63.5295, 64.846, 60.1664, 65.521, 46.8722, 49.6488, 44.5533, 32.0624, 34.0588, 31.0161, 5, 7.28011, 1],
[72.9178, 25.0799, 21.2603, 38.4838, 47.8017, 10.4403, 8.24621, 8.06226, 4, 4.12311, 0, 10.8167, 17.6918, 19.105, 31.0483, 29.1548, 76.6094, 32.2025, 23.4094, 24.6982, 38.0526, 31.0644, 36.1386, 51.9711, 50.6952, 38.8973, 46.1411, 53.2541, 59.0593, 60.8769, 47.0744, 33.3766, 5.65685, 27.4591, 25.4951, 26.4764, 24.2074, 22.6716, 20.2485, 35.3412, 35.4683, 40.7063, 50.6952, 49.0306, 49.0306, 13.4164, 10, 7.61577, 10.0499, 10.2956, 11.1803, 7.2111, 9.84886, 8.94427, 5, 7.28011, 6.32456, 7.28011, 7.07107, 7, 3.60555, 3.16228, 3.16228, 13, 7.61577, 8.544, 20, 18.868, 19.4165, 17.0294, 18.6815, 16, 34.4819, 27.8927, 32.3883, 29.5296, 29.1204, 30.0832, 79.6304, 74.8866, 77.6209, 35, 33.3017, 29.2062, 20.6155, 19.9249, 23.7065, 22.8035, 21.5407, 26.4197, 36.2215, 40.1995, 41.1096, 29.4279, 31.0161, 31.4006, 35.5106, 33.541, 37, 49.0306, 49.0306, 48.6621, 47.1699, 53.8516, 47.5395, 41.1096, 38.4187, 37.6431, 48.5489, 47.7074, 49.2443, 52.4786, 53.3385, 51.6236, 60.8358, 57.6975, 60.8358, 62.6418, 58.2495, 63.561, 46.8402, 49.4773, 44.3847, 31.0644, 33.0606, 30.1496, 7.61577, 6.32456, 4],
[63.9062, 17.8885, 11.1803, 29.8329, 45.6508, 7.2111, 7.28011, 8.24621, 9.21954, 10.198, 10.8167, 0, 7.61577, 12.8062, 25.2389, 24.7588, 73.5527, 30.2324, 28.0179, 29, 44.5533, 37.6563, 41, 57.0088, 53.9351, 38.0789, 42.45, 50.2096, 54.8179, 54.231, 37.2156, 24.0208, 5.38516, 21.095, 19.4165, 20.2485, 14.3178, 12.0416, 11.1803, 26.6833, 27.2947, 31.6228, 48.3011, 46.0977, 46.0977, 6.7082, 9.84886, 6.08276, 10.7703, 5, 8.60233, 5, 5.83095, 5.38516, 6.32456, 7.07107, 11, 11.0454, 10.0499, 9.05539, 7.2111, 10.4403, 10.4403, 3.16228, 3.60555, 3.16228, 10.4403, 10.0499, 10.198, 9.43398, 14.2127, 9.21954, 28.8444, 22.2036, 25.4951, 26.2488, 23.6008, 24.4131, 76.4199, 71.5052, 74.9667, 33.0151, 32.249, 27.7849, 26.3059, 25.1794, 27.074, 28.1603, 26.0192, 29.2746, 42.2966, 46.2709, 47.3814, 35.2278, 38.3275, 37.2156, 41.1096, 39.1152, 41.1096, 54.0093, 54.0093, 54.0093, 50.636, 57.0701, 50.8035, 39.6611, 36.6197, 36.0555, 45.2548, 44.5533, 45.3431, 48.8365, 49.5782, 48.1041, 56.0357, 53.0094, 56.0357, 56.3649, 51.264, 56.648, 36.6742, 39.4588, 34.3657, 22.3607, 24.3311, 21.2132, 6.08276, 5, 9.21954],
[56.3028, 19.8494, 3.60555, 22.3607, 41.4005, 9.48683, 11.1803, 12.083, 15, 15.8114, 17.6918, 7.61577, 0, 16.5529, 27.6586, 28.3019, 76.5768, 34.9285, 35.2278, 36.1248, 51.9711, 45.1221, 48.0937, 64.0312, 60.407, 43.0813, 45.607, 53.6004, 57.28, 54.7083, 34.1321, 22.4722, 12.0416, 23.4307, 22.2036, 22.8035, 6.7082, 5.38516, 4.12311, 19.2354, 20.025, 24.0416, 43.8292, 41.3401, 41.3401, 6.08276, 12.3693, 10.8167, 13.3417, 8.06226, 10.198, 10.6301, 8.94427, 9.43398, 12.7279, 11.6619, 15.6525, 15.2315, 14.3178, 13.4164, 14.2127, 16.4012, 16.4012, 8, 11.1803, 10.7703, 3, 3.60555, 3.16228, 13, 18.9737, 13.6015, 31.1448, 25, 26.9072, 30.4138, 26.4008, 27.0185, 79.3095, 74.3303, 78.2432, 37.5766, 37.3363, 32.8938, 33.7343, 32.5576, 34.0147, 35.5106, 33.2415, 36.0139, 49.6488, 53.6004, 54.7449, 42.5793, 45.8803, 44.5533, 48.3735, 46.3897, 48, 61.0328, 61.0328, 61.131, 57.2189, 63.5059, 57.3149, 44.2832, 41.1461, 40.7185, 48.6004, 48.0104, 48.2701, 51.8556, 52.4976, 51.225, 58.0517, 55.1725, 58.0517, 57.1402, 51.4781, 56.8243, 33, 36.0139, 31.0644, 21.9545, 23.7065, 20.5913, 10.8167, 12.53, 15],
[69.0507, 6, 18.6815, 37.1214, 57.6888, 20, 19.7231, 20.5913, 19.9249, 20.8806, 19.105, 12.8062, 16.5529, 0, 12.53, 12.0416, 60.8112, 18.3848, 22.8254, 23.2594, 39.8121, 33.6155, 34.4819, 49.8197, 45, 26.5707, 29.6985, 37.5366, 42.0119, 42.0595, 29.5466, 15.6525, 16.1555, 8.544, 6.7082, 7.61577, 21.3776, 17.1172, 20.6155, 34.2345, 35.5106, 38, 60.208, 57.8014, 57.8014, 19.105, 22.4722, 18.3576, 23.3238, 17.8045, 21.4009, 17, 18.6011, 18.0278, 17.088, 19.2354, 22.4722, 22.8473, 21.9317, 21.0238, 16.4924, 20.6155, 20.6155, 9.8995, 13, 12.083, 19.3132, 20.1246, 19.6977, 3.60555, 3.16228, 3.60555, 16.1245, 9.43398, 13.3417, 13.8924, 10.8167, 11.6619, 63.6553, 58.7282, 62.2896, 21.0238, 20.8806, 16.4924, 22.8035, 21.4009, 20.6155, 23.8537, 21.095, 21.8403, 37.1618, 40.8534, 42.1545, 30.4138, 35.2278, 32.2025, 35.4683, 33.6155, 33.7343, 46.8722, 46.8722, 47.2969, 42.0476, 48.0104, 42.0119, 27.7308, 24.5967, 24.1661, 32.5576, 31.8904, 32.5576, 36.0694, 36.7967, 35.3553, 43.2666, 40.2244, 43.2666, 44.0114, 39.2938, 44.643, 30.0167, 32.2025, 27.2947, 12.6491, 14.5602, 12.083, 18.3576, 13.6015, 19.9249],
[74.0068, 7.81025, 28.8444, 45.2217, 69.029, 32.45, 32.249, 33.121, 32.311, 33.2415, 31.0483, 25.2389, 27.6586, 12.53, 0, 4.24264, 48.9183, 11.7047, 26.0768, 25.807, 41.0366, 36.2353, 34.2053, 47.4236, 40.5216, 19.105, 18.0278, 26.0768, 29.7321, 29.8329, 24.0832, 13.3417, 28.6356, 4.24264, 5.83095, 5, 30.8869, 26.4197, 31.4006, 42.72, 44.3847, 45.3542, 71.4003, 68.8186, 68.8186, 31.241, 34.9857, 30.8869, 35.8469, 30.2324, 33.8378, 29.5296, 31.0644, 30.5287, 29.5466, 31.7648, 34.9285, 35.3412, 34.4384, 33.541, 28.7924, 32.8938, 32.8938, 22.2036, 25.4951, 24.5967, 30, 31.241, 30.6105, 15.8114, 12.3693, 16.1245, 3.60555, 3.16228, 3.60555, 7.2111, 2, 1, 51.6624, 46.6905, 50.6063, 13.1529, 14.8661, 12.2066, 27.7308, 26.4008, 23.0217, 27.7849, 25.0599, 22.6716, 38.2099, 41.2311, 42.638, 32.6497, 38.6005, 33.9706, 36.1248, 34.6554, 32.45, 44.7214, 44.7214, 45.6508, 38.2753, 43.1741, 37.9473, 19.0263, 16, 16.0312, 21.095, 20.5913, 20.6155, 24.2074, 24.8395, 23.6008, 30.8058, 27.8029, 30.8058, 31.6228, 27.2947, 32.5576, 25.807, 26.9072, 23.0217, 10.0499, 10.4403, 11, 30.8869, 26, 32.311],
[77.1038, 9.21954, 29.9666, 47.2969, 69.6348, 31.8904, 31.4006, 32.2025, 30.8869, 31.7648, 29.1548, 24.7588, 28.3019, 12.0416, 4.24264, 0, 48.7955, 8.06226, 21.9545, 21.6333, 36.7967, 32.0156, 30, 43.4626, 36.8782, 16.0312, 17.6918, 25.4951, 30.2324, 32.249, 28.3196, 17.088, 27.4591, 6, 6.32456, 6.08276, 32.311, 27.8568, 32.249, 44.643, 46.1736, 47.676, 72.111, 69.6419, 69.6419, 31.1448, 34.2053, 30, 35, 29.7321, 33.3017, 28.6007, 30.4795, 29.8329, 28.3019, 30.8058, 33.6155, 34.1321, 33.2866, 32.45, 27.2947, 31.305, 31.305, 21.9317, 24.4131, 23.6008, 30.8869, 31.9061, 31.3847, 15.6205, 10.8167, 15.5563, 6.08276, 4, 7.81025, 3.16228, 3.16228, 3.60555, 51.6624, 46.7547, 50.2494, 10.0499, 11.1803, 8.06226, 23.7697, 22.4722, 18.868, 23.7065, 21.0238, 18.4391, 33.9706, 37.0135, 38.4187, 28.4253, 34.4093, 29.7321, 31.8904, 30.4138, 28.3019, 40.7185, 40.7185, 41.5933, 34.4819, 39.6232, 34.2053, 16.4924, 13.3417, 13.1529, 20.5183, 19.8494, 20.6155, 24.0832, 24.8395, 23.3452, 31.7648, 28.6531, 31.7648, 33.7343, 30.0167, 35.1283, 30, 31.1448, 27.2029, 13.6015, 14.3178, 14.3178, 30, 24.6982, 30.8869],
[115.248, 56.7274, 77.6209, 92.2822, 117.924, 80.6598, 80.0562, 80.8084, 79.0253, 79.8123, 76.6094, 73.5527, 76.5768, 60.8112, 48.9183, 48.7955, 0, 44.4072, 58.6941, 57.3847, 60.407, 61.6117, 53.9351, 52.345, 43.0465, 38.4708, 31.1127, 23.4307, 19.7231, 30.1496, 57.28, 57.8014, 75.9276, 53.1507, 54.4885, 53.8145, 79.404, 75, 80.2808, 90.2109, 92.1141, 91.7061, 120.254, 117.614, 117.614, 79.9062, 82.8794, 78.6448, 83.6301, 78.5175, 82.0731, 77.2334, 79.2465, 78.5684, 76.6942, 79.3977, 81.8352, 82.4621, 81.6884, 80.9197, 75.4321, 79.2023, 79.2023, 70.7107, 73, 72.2496, 78.8733, 80.1561, 79.511, 64.3506, 59.4643, 64.3506, 45.4533, 51.6624, 50, 47.5079, 50.2494, 49.5782, 3.16228, 3, 3.16228, 41.6173, 43.566, 47.4342, 62.2415, 61.7414, 56.3649, 60.5392, 59.5063, 53.7122, 58.6941, 58.2151, 59.1354, 59.203, 64.5368, 58.6941, 56.8858, 57.2713, 50.9902, 52.0865, 52.0865, 54.0833, 45.0111, 42.2966, 44.0114, 35.8469, 38.2753, 39.1152, 28.3196, 29.0689, 28.3196, 24.7588, 24.0832, 25.4558, 20.2485, 22.3607, 20.2485, 27.074, 33.3766, 31, 60.4401, 58.6941, 59.1354, 56.3028, 55.2268, 57.6888, 78.6448, 73.1095, 79.0253],
[85.1469, 17.0294, 37, 54.9181, 75.8024, 37.0135, 36.1248, 36.7967, 34.7131, 35.4683, 32.2025, 30.2324, 34.9285, 18.3848, 11.7047, 8.06226, 44.4072, 0, 18.2483, 17.4642, 30.6105, 26.8328, 23.3452, 35.7771, 28.8617, 8.24621, 14.5602, 21.095, 27.5136, 33.2415, 35.2278, 25, 31.8277, 14.0357, 14.0357, 14, 39.5601, 35.171, 39, 52.1728, 53.6004, 55.4437, 78.3901, 76.0592, 76.0592, 36.8917, 38.9487, 34.7131, 39.6232, 35, 38.4187, 33.3017, 35.609, 34.8281, 32.5269, 35.3836, 37.5366, 38.2099, 37.4833, 36.7696, 31.1448, 34.8281, 34.8281, 27.7849, 29.0689, 28.4253, 37.6962, 38.4838, 38.0789, 21.9317, 16.1245, 21.4709, 11.4018, 12.0416, 15.2315, 5, 11.1803, 11.4018, 47.4342, 42.72, 45.4533, 2.82843, 3.16228, 3.16228, 21.0238, 20, 15.1327, 20.2237, 18.0278, 13.6015, 27.8029, 30.4138, 31.8277, 23.2594, 29.5466, 24.1868, 25.6125, 24.4131, 21.2603, 33.121, 33.121, 34.1321, 26.5707, 31.5753, 26.2488, 9.43398, 6.40312, 5.83095, 16.5529, 15.6525, 17.72, 20.6155, 21.5407, 19.6977, 29.8329, 26.6833, 29.8329, 34.0147, 31.7805, 36.3456, 37.2156, 38.0132, 34.4819, 21.587, 22.1359, 22.3607, 34.7131, 29, 34.7131],
[90.956, 26.2488, 38.4708, 57.5587, 71.1688, 32.3883, 30.5941, 30.8058, 27.2029, 27.5136, 23.4094, 28.0179, 35.2278, 22.8254, 26.0768, 21.9545, 58.6941, 18.2483, 0, 1.41421, 17.088, 10.8167, 13.0384, 29.0689, 27.313, 20.6155, 32.0156, 36.8782, 44.4072, 51.4781, 49.679, 36.7967, 26.3059, 25.4951, 24.0416, 24.7588, 41.5933, 38.0789, 39.1152, 54.4518, 55.2268, 59.0339, 74.0405, 72.2772, 72.2772, 34.0588, 32.9848, 29.4279, 33.2415, 31.1448, 33.541, 28.2843, 31.257, 30.2655, 26.4764, 29.6142, 29.7321, 30.6757, 30.3645, 30.0832, 24.5153, 26.5707, 26.5707, 27.2947, 25.02, 25, 38.2099, 38.0526, 38.1182, 24.6982, 19.7231, 23.4094, 27.7308, 24.2074, 29.4109, 19.6977, 24.4131, 25.2389, 61.8466, 57.5847, 59.0339, 20.025, 17, 15.5242, 3.60555, 3.60555, 3.16228, 2, 2, 5.09902, 14.5602, 18.4391, 19.6469, 7.61577, 12.7279, 9.48683, 13.1529, 11.1803, 13.6015, 26.0768, 26.0768, 26, 23.7697, 30.4631, 24.1661, 23.5372, 22.0907, 21.095, 33.2415, 32.249, 35.0571, 37.3363, 38.3275, 36.3456, 47.1699, 44.1022, 47.1699, 52.1536, 50.01, 54.5894, 50.9313, 52.4976, 48.1041, 33.2415, 34.6554, 33.3017, 29.4279, 24.0832, 27.2029],
[91.6788, 26.4008, 39.3192, 58.4209, 72.4224, 33.541, 31.7805, 32.0156, 28.4605, 28.7924, 24.6982, 29, 36.1248, 23.2594, 25.807, 21.6333, 57.3847, 17.4642, 1.41421, 0, 16.5529, 10.6301, 12, 28.0179, 26, 19.4165, 31, 35.6931, 43.2897, 50.636, 49.5782, 36.8782, 27.4591, 25.4558, 24.0832, 24.7588, 42.4264, 38.833, 40.05, 55.3263, 56.1427, 59.8415, 75.2861, 73.4983, 73.4983, 35.1283, 34.2053, 30.5941, 34.4819, 32.249, 34.7131, 29.4279, 32.3883, 31.4006, 27.6586, 30.8058, 31.0161, 31.9531, 31.6228, 31.3209, 25.7099, 27.8568, 27.8568, 28.1603, 26.0768, 26.0192, 39.1152, 39.0128, 39.0512, 25.2982, 20.1246, 24.0416, 27.2947, 24.0832, 29.2062, 19.2354, 24.2074, 25, 60.5392, 56.3028, 57.6975, 19.105, 16.0312, 14.8661, 5, 5, 2.82843, 3.16228, 3.16228, 4, 13.9284, 17.72, 18.9737, 7.2111, 12.8062, 8.94427, 12.3693, 10.4403, 12.3693, 25.02, 25.02, 25.02, 22.4722, 29.1548, 22.8473, 22.3607, 21.0238, 20.025, 32.1403, 31.1448, 34.0147, 36.2215, 37.2156, 35.2278, 46.0977, 43.0465, 46.0977, 51.2445, 49.2443, 53.7587, 50.9117, 52.4023, 48.0833, 33.3017, 34.6554, 33.4216, 30.5941, 25.1794, 28.4605],
[107.968, 42.72, 55.3173, 74.3303, 85.3288, 48.0104, 46, 46.0109, 42.0476, 42.107, 38.0526, 44.5533, 51.9711, 39.8121, 41.0366, 36.7967, 60.407, 30.6105, 17.088, 16.5529, 0, 7, 7.61577, 15.2643, 19.2354, 28.2312, 40.8534, 42.7551, 50.9902, 61.4654, 65.1153, 53.0094, 42.0476, 41.4005, 40.2244, 40.8044, 58.4637, 55.0818, 55.7315, 71.1969, 71.8471, 75.9276, 88.2836, 86.8332, 86.8332, 50.1597, 48.0416, 45.0111, 48.0937, 47.0956, 49, 44.0454, 47.0425, 46.0435, 42.0119, 45, 44.1814, 45.1774, 45.0999, 45.0444, 40.0125, 41.1096, 41.1096, 44.1475, 41.3038, 41.4367, 54.9181, 54.5894, 54.7449, 41.7852, 36.6742, 40.4969, 41.7732, 39.8246, 44.5982, 33.9411, 39.6989, 40.3609, 63.5059, 60.1332, 59.8415, 31.0644, 28.0179, 29, 18.2483, 19.4165, 19.2354, 16.4924, 18.9737, 18.6011, 2.82843, 2.82843, 3.16228, 9.48683, 7.61577, 7.61577, 5, 6.40312, 10.4403, 12.8062, 12.8062, 11.6619, 16.1555, 21.6333, 17.088, 31.0161, 31.305, 30.4138, 40.8044, 39.8497, 43.3244, 44.3847, 45.3542, 43.4166, 54.3415, 51.6624, 54.3415, 61.3514, 60.8358, 64.622, 66.7083, 67.9412, 63.8905, 49.4065, 50.6063, 49.6488, 45.0111, 40.1995, 42.0476],
[101.242, 37.0135, 48.5077, 67.4685, 78.4474, 41.0122, 39, 39.0128, 35.0571, 35.1283, 31.0644, 37.6563, 45.1221, 33.6155, 36.2353, 32.0156, 61.6117, 26.8328, 10.8167, 10.6301, 7, 0, 8.06226, 21.5407, 23.3452, 26.3059, 38.833, 42.0119, 50.0899, 59.203, 60.1415, 47.5079, 35.0571, 36.0694, 34.7131, 35.3836, 51.6624, 48.3839, 48.8365, 64.3273, 64.9384, 69.1231, 81.3941, 79.9062, 79.9062, 43.1856, 41.0488, 38.0132, 41.1096, 40.1123, 42, 37.054, 40.05, 39.0512, 35.0143, 38, 37.2156, 38.2099, 38.1182, 38.0526, 33.0151, 34.1321, 34.1321, 37.3631, 34.3657, 34.5254, 48.0521, 47.676, 47.8539, 35.3412, 30.5287, 34.0147, 37.4433, 34.6554, 39.6989, 29.4109, 34.7131, 35.4683, 64.7611, 61, 61.4003, 27.8568, 24.6982, 24.6982, 11.4018, 12.6491, 13.4536, 9.84886, 12.53, 13.6015, 5.38516, 9.21954, 10.0499, 3.60555, 3, 3, 5.65685, 4.47214, 10.7703, 18.7883, 18.7883, 18.0278, 19.8494, 26.1725, 20.6155, 29.2746, 28.8617, 27.8927, 39.3192, 38.3275, 41.5933, 43.1856, 44.1814, 42.19, 53.2353, 50.3587, 53.2353, 59.439, 58.1893, 62.3618, 61.5224, 62.9682, 58.6941, 43.9318, 45.2769, 44.0454, 38.0132, 33.2415, 35.0571],
[103.368, 36.6742, 51.2445, 70.3491, 83.9345, 45.3982, 43.566, 43.7379, 40.025, 40.2616, 36.1386, 41, 48.0937, 34.4819, 34.2053, 30, 53.9351, 23.3452, 13.0384, 12, 7.61577, 8.06226, 0, 16.0312, 15.6205, 20.6155, 33.2415, 35.3553, 43.566, 53.8516, 58.258, 46.6476, 39.3192, 34.9857, 34, 34.4819, 54.3323, 50.636, 52.0384, 67.2681, 68.1175, 71.7008, 86.8332, 85.1469, 85.1469, 47.0956, 45.8912, 42.4264, 46.0977, 44.1814, 46.5296, 41.3038, 44.2832, 43.2897, 39.4588, 42.5793, 42.45, 43.4166, 43.1741, 42.9535, 37.4833, 39.2938, 39.2938, 40.1123, 38.0526, 38.0132, 51.0882, 51.0098, 51.0392, 36.8782, 31.3209, 35.6931, 34.6554, 33.2866, 37.8021, 27.0185, 33.0151, 33.6006, 57.0701, 53.4603, 53.6004, 23.6008, 20.6155, 22.0227, 15.5242, 16.2788, 14.1421, 13.3417, 15.0333, 12.6491, 5.09902, 7.07107, 8.48528, 7.2111, 10.7703, 5.65685, 3, 3.60555, 3, 13.0384, 13.0384, 13.0384, 12.0416, 18.6011, 12.7279, 23.4094, 23.7065, 22.8254, 33.2415, 32.28, 35.7351, 36.8782, 37.855, 35.9026, 46.8722, 44.1475, 46.8722, 53.7587, 53.2259, 57.0088, 60, 61.0737, 57.2014, 43.0465, 44.1022, 43.4166, 42.4264, 37.1214, 40.025],
[118.87, 51.2445, 67.1193, 86.209, 99.6895, 61.4003, 59.5399, 59.6825, 55.9017, 56.0892, 51.9711, 57.0088, 64.0312, 49.8197, 47.4236, 43.4626, 52.345, 35.7771, 29.0689, 28.0179, 15.2643, 21.5407, 16.0312, 0, 9.84886, 30, 41.0366, 39.9625, 47.8853, 60.803, 70.8308, 60.5392, 55.3263, 49.0408, 48.3839, 48.7032, 70.1783, 66.3702, 68.0074, 83.1505, 84.0536, 87.4643, 102.611, 101, 101, 63.1269, 61.8142, 58.4209, 61.9839, 60.208, 62.514, 57.3149, 60.2993, 59.3043, 55.4437, 58.5491, 58.2495, 59.2284, 59.0339, 58.8558, 53.4603, 55.109, 55.109, 56.0357, 54.0833, 54.037, 67.0298, 67, 67.0075, 52.469, 46.6905, 51.3517, 47.0106, 47.1699, 50.9902, 40.3113, 46.6154, 47.0106, 55.2268, 52.7731, 51.0882, 34.9857, 32.6497, 35.4683, 31.4006, 32.249, 30.0167, 29.2746, 31.0644, 28.1603, 16.1555, 12.53, 12.2066, 22.561, 22.8254, 20.6155, 16.4924, 18.4391, 16.1245, 3, 3, 3.60555, 9.8995, 10.0499, 10.6301, 31.8904, 33.6006, 33.0151, 39.8246, 39.0512, 42.638, 42.4382, 43.2666, 41.6173, 51.4781, 49.3964, 51.4781, 59.9083, 61.0737, 63.8201, 72.9452, 73.5731, 70.2353, 57.0088, 57.7754, 57.5847, 58.4209, 53.1507, 55.9017],
[113.635, 45.3982, 63.1981, 82.0549, 98.3514, 59.203, 57.5674, 57.8705, 54.4243, 54.7814, 50.6952, 53.9351, 60.407, 45, 40.5216, 36.8782, 43.0465, 28.8617, 27.313, 26, 19.2354, 23.3452, 15.6205, 9.84886, 0, 21.9317, 31.8904, 30.2324, 38.0789, 51.225, 63.0714, 53.8516, 53.1601, 42.7551, 42.4264, 42.5793, 66.1211, 62.0322, 64.4981, 79.1012, 80.2247, 83, 101.193, 99.3277, 99.3277, 60.4152, 60.0833, 56.3205, 60.407, 57.7235, 60.4401, 55.0818, 57.9741, 57.0088, 53.4509, 56.6127, 57.0088, 57.9396, 57.5847, 57.2451, 51.5461, 53.8516, 53.8516, 52.469, 51.4198, 51.1957, 63.3877, 63.6396, 63.5059, 48.0416, 42.0119, 47.0956, 39.5601, 40.7922, 43.9659, 33.7343, 40.025, 40.2616, 46.0109, 43.2897, 42.0119, 27.5136, 25.7099, 29.2746, 30.4138, 30.8707, 27.2029, 28.178, 29.1548, 24.7386, 18.6011, 16.5529, 17.088, 22.8035, 25.6125, 21.2603, 17.6918, 19.105, 13.8924, 9.05539, 9.05539, 11.0454, 3.60555, 3.16228, 3.16228, 23.3238, 25.4951, 25.0799, 30.4138, 29.6985, 33.2415, 32.8024, 33.6006, 32.0156, 41.6773, 39.6611, 41.6773, 50.2195, 51.6624, 54.2033, 65.3911, 65.7419, 62.7694, 50.448, 50.9608, 51.1957, 56.3205, 50.6952, 54.4243],
[93.0484, 25.1794, 45.2217, 63.1506, 83.7257, 44.6542, 43.6005, 44.2041, 41.7732, 42.45, 38.8973, 38.0789, 43.0813, 26.5707, 19.105, 16.0312, 38.4708, 8.24621, 20.6155, 19.4165, 28.2312, 26.3059, 20.6155, 30, 21.9317, 0, 12.6491, 16.2788, 24.0208, 33.2415, 41.1461, 32.3883, 39.2046, 22.0227, 22.2036, 22.0907, 47.8017, 43.4166, 47.1699, 60.4152, 61.8466, 63.6396, 86.3539, 84.0773, 84.0773, 44.7772, 46.4004, 42.2019, 47.0106, 42.72, 46.0435, 40.8044, 43.2666, 42.4382, 39.8246, 42.8019, 44.5982, 45.3431, 44.6878, 44.0454, 38.2884, 41.7253, 41.7253, 35.7771, 36.6197, 36.0555, 45.8803, 46.6154, 46.2385, 30.0832, 24.1661, 29.5466, 17.72, 20.025, 22.3607, 13.1529, 19, 19.0263, 41.5933, 37.1618, 39.1152, 6, 5.83095, 10.2956, 24.0416, 23.4094, 18.0278, 22.561, 21.1896, 15.5242, 25.632, 27.2947, 28.6531, 23.0868, 29.2746, 23.3452, 23.4094, 22.8035, 17.8885, 27.6586, 27.6586, 29, 20.2485, 24.3516, 19.7231, 3, 3.60555, 3.16228, 13.0384, 12.0416, 15.2971, 17, 18, 16, 27.0185, 24.0832, 27.0185, 33.2415, 32.6497, 36.4006, 43.4626, 43.8292, 40.8534, 29.1548, 29.4279, 30.0666, 42.2019, 36.4006, 41.7732],
[89.4539, 25.807, 46.8722, 62.7694, 87.0057, 49.5782, 49.0408, 49.8197, 48.2597, 49.0918, 46.1411, 42.45, 45.607, 29.6985, 18.0278, 17.6918, 31.1127, 14.5602, 32.0156, 31, 40.8534, 38.833, 33.2415, 41.0366, 31.8904, 12.6491, 0, 8.06226, 13, 20.6155, 33.541, 28.8617, 45, 22.2036, 23.4307, 22.8035, 48.8774, 44.4185, 49.4065, 60.4152, 62.1691, 62.6259, 89.4036, 86.8389, 86.8389, 48.7955, 51.8556, 47.634, 52.6308, 47.4236, 50.9902, 46.2277, 48.1664, 47.5079, 45.8039, 48.4149, 51.0392, 51.614, 50.8035, 50, 44.6542, 48.5489, 48.5489, 39.598, 42.0119, 41.2311, 48.0104, 49.2037, 48.6004, 33.2415, 28.4253, 33.2415, 14.7648, 20.6155, 19.6977, 16.6433, 19.2094, 18.6011, 33.9706, 29.0689, 32.6497, 12.1655, 15.0333, 17.72, 35.1283, 34.2345, 29.0689, 34.0147, 32.1403, 27, 38.2753, 39.8121, 41.1461, 35.5106, 41.7732, 35.9026, 36.0555, 35.4401, 30.4631, 39.0512, 39.0512, 40.6079, 31.1448, 33.6006, 30.4138, 9.84886, 10.0499, 11.0454, 3.16228, 3, 3.16228, 6.40312, 7.2111, 5.65685, 15.2971, 12.1655, 15.2971, 20.6155, 20.2485, 23.7697, 36.3456, 35.9026, 34.1321, 26.5707, 25.9615, 27.8568, 47.634, 42.2019, 48.2597],
[96.8762, 33.8378, 54.9181, 70.7743, 95, 57.28, 56.6392, 57.3847, 55.6058, 56.4004, 53.2541, 50.2096, 53.6004, 37.5366, 26.0768, 25.4951, 23.4307, 21.095, 36.8782, 35.6931, 42.7551, 42.0119, 35.3553, 39.9625, 30.2324, 16.2788, 8.06226, 0, 8.24621, 21.2132, 40.05, 36.6879, 52.4976, 30.2324, 31.4006, 30.8058, 56.9386, 52.4786, 57.4282, 68.4471, 70.214, 70.5762, 97.4166, 94.8683, 94.8683, 56.6392, 59.4643, 55.2268, 60.208, 55.1543, 58.6941, 53.8145, 55.8659, 55.1725, 53.2635, 55.9732, 58.4123, 59.0339, 58.258, 57.4891, 52.0096, 55.8032, 55.8032, 47.4236, 49.5782, 48.8365, 56.0357, 57.2014, 56.6127, 41.1096, 36.0694, 41.0366, 22.8254, 28.6007, 27.7308, 24.0832, 27.2029, 26.6271, 26.4008, 21.6333, 24.7588, 18.3576, 20.6155, 24.1868, 40.2616, 39.5601, 34.2053, 38.833, 37.3631, 31.7805, 40.4475, 41.2311, 42.45, 39.0128, 45.0111, 39.0128, 38.3275, 38.1182, 32.3883, 38.4708, 38.4708, 40.2492, 30.4138, 31.241, 29.5296, 13.3417, 15.2315, 16.1555, 5, 5.65685, 6.08276, 3.16228, 3.60555, 3, 11.7047, 9.43398, 11.7047, 20, 22.2036, 24.0832, 43.0116, 42.19, 41.0122, 34.5398, 33.8378, 35.8469, 55.2268, 49.679, 55.6058],
[96.3172, 37.4833, 58.1378, 72.5603, 98.4937, 62.0081, 61.6117, 62.426, 61.0574, 61.9112, 59.0593, 54.8179, 57.28, 42.0119, 29.7321, 30.2324, 19.7231, 27.5136, 44.4072, 43.2897, 50.9902, 50.0899, 43.566, 47.8853, 38.0789, 24.0208, 13, 8.24621, 0, 14.7648, 38.4708, 38.0789, 57.6888, 33.9706, 35.4683, 34.7131, 59.8164, 55.4437, 60.8769, 70.4911, 72.4017, 72.0069, 100.767, 98.0816, 98.0816, 60.959, 64.405, 60.2163, 65.215, 59.8164, 63.4114, 58.8218, 60.6053, 60, 58.5235, 61.0328, 63.8122, 64.3506, 63.5138, 62.6817, 57.4543, 61.4003, 61.4003, 51.8556, 54.6443, 53.8238, 59.4643, 60.8276, 60.1415, 45.4533, 41.0488, 45.607, 26.1725, 32.6497, 30.4795, 29.5296, 31.241, 30.4795, 22.2036, 17.2047, 21.9317, 25, 27.6586, 30.6757, 47.676, 46.8722, 41.5933, 46.3897, 44.7214, 39.3192, 48.6621, 49.4773, 50.6952, 47.0106, 53.0848, 47.0956, 46.5296, 46.2709, 40.6079, 46.5188, 46.5188, 48.3322, 38.4838, 38.833, 37.5766, 21.0238, 22.3607, 23.3452, 11.1803, 12.1655, 9.84886, 7.07107, 6.08276, 8.06226, 3.60555, 3, 3.60555, 12.8062, 16.7631, 17.2047, 41.5933, 40.1995, 40.025, 36.6197, 35.5106, 38.0132, 60.2163, 54.9181, 61.0574],
[85.703, 36.4006, 54.6443, 65.9469, 94.3663, 61.327, 61.4654, 62.3939, 61.9839, 62.9365, 60.8769, 54.231, 54.7083, 42.0595, 29.8329, 32.249, 30.1496, 33.2415, 51.4781, 50.636, 61.4654, 59.203, 53.8516, 60.803, 51.225, 33.2415, 20.6155, 21.2132, 14.7648, 0, 28.178, 32.8024, 58.1893, 33.5261, 35.4401, 34.4819, 55.6058, 51.614, 57.6888, 64.3817, 66.4831, 64.8151, 96.3328, 93.4345, 93.4345, 59.4811, 64.0781, 60.1664, 65, 59.0931, 62.6498, 58.8727, 60.0083, 59.6154, 59.1354, 61.0983, 64.5136, 64.846, 63.9062, 62.9682, 58.5235, 62.6418, 62.6418, 51.0784, 55.0273, 54.0833, 56.3028, 57.9828, 57.1402, 44.9444, 42.2019, 45.5412, 26.4764, 32.9848, 28.7924, 33.0151, 31.7805, 30.8058, 31.5753, 27.1662, 33.0606, 31.5753, 34.7131, 36.1248, 54.231, 53.1507, 48.3735, 53.4603, 51.2445, 46.6905, 58.8727, 60.4152, 61.7414, 55.7853, 62.0967, 56.3205, 56.648, 55.9732, 51.0784, 59.0762, 59.0762, 60.7454, 51.0392, 52.4023, 50.2195, 30.4631, 30.3645, 31.3209, 21.095, 21.9545, 18.3576, 18.4391, 17.6918, 19.2094, 11.7047, 12.2066, 11.7047, 3.16228, 3.60555, 3.16228, 31.305, 29.1548, 30.5287, 32.7567, 31.0644, 34.1321, 60.1664, 55.6597, 61.9839],
[57.9741, 24.1868, 32.5576, 39.0512, 69.1158, 43, 44.0454, 45.0444, 46.3897, 47.3814, 47.0744, 37.2156, 34.1321, 29.5466, 24.0832, 28.3196, 57.28, 35.2278, 49.679, 49.5782, 65.1153, 60.1415, 58.258, 70.8308, 63.0714, 41.1461, 33.541, 40.05, 38.4708, 28.178, 0, 13.9284, 42.4264, 24.2074, 25.807, 25, 32.28, 29.4279, 35.6931, 38.0132, 40.2244, 37.4833, 70.7248, 67.6757, 67.6757, 40.05, 46, 43.1045, 47, 41.0122, 44.0114, 42.19, 42.0119, 42.0476, 43.4166, 44.1022, 48.1664, 48.0937, 47.0956, 46.0977, 43.7379, 47.5184, 47.5184, 34.3657, 39.6232, 38.6394, 34.5254, 36.4966, 35.5106, 30.3645, 31.7648, 31.6228, 23.8537, 25.4951, 20.5183, 31.241, 25.4558, 24.7588, 59.1354, 54.4059, 59.9083, 35.8469, 38.2753, 36.2353, 50.8035, 49.4065, 46.7547, 51.225, 48.4149, 46.669, 62.2896, 65.2993, 66.7083, 56.5862, 62.3699, 57.9828, 60.208, 58.7282, 56.4004, 68.2642, 68.2642, 69.3397, 61.2944, 65.3911, 60.8276, 39.9249, 37.5766, 38.0132, 36.3456, 36.4966, 34.1321, 37.0135, 37, 37.054, 37.108, 35.5106, 37.108, 31.305, 24.5967, 28.8444, 3.16228, 2.82843, 3.16228, 17, 15.2643, 17.4642, 43.1045, 40.7922, 46.3897],
[61.0328, 10.6301, 21.9545, 34.4819, 61.6198, 30.4138, 31.1448, 32.1403, 33.0151, 34.0147, 33.3766, 24.0208, 22.4722, 15.6525, 13.3417, 17.088, 57.8014, 25, 36.7967, 36.8782, 53.0094, 47.5079, 46.6476, 60.5392, 53.8516, 32.3883, 28.8617, 36.6879, 38.0789, 32.8024, 13.9284, 0, 29.0172, 11.6619, 12.8062, 12.2066, 22.8035, 18.868, 25.0599, 32.45, 34.4093, 34.0147, 63.6553, 60.8112, 60.8112, 27.8927, 33.3766, 30.0666, 34.3657, 28.2843, 31.5753, 29.0172, 29.2746, 29.1548, 30.0167, 31.0644, 35.0143, 35.0571, 34.0588, 33.0606, 30.1496, 34.0588, 34.0588, 21, 26.0768, 25.0799, 23.7065, 25.4951, 24.5967, 16.4924, 18.0278, 17.72, 15, 13.4164, 10.0499, 20.2485, 13.9284, 13.6015, 60.208, 55.2268, 59.9416, 26.4764, 28.1603, 25.0799, 37.5366, 36.1248, 34.0588, 38.1838, 35.3553, 34.4093, 50.2195, 53.535, 54.9181, 44.0454, 49.5177, 45.607, 48.2597, 46.6154, 45.1774, 57.7754, 57.7754, 58.6003, 51.5461, 56.5155, 51.2445, 32.0624, 29.1548, 29.2746, 32.0156, 31.7805, 30.6757, 34.176, 34.5398, 33.8378, 38.0132, 35.5106, 38.0132, 35.4683, 29.4109, 34.6699, 14.4222, 16.5529, 11.6619, 3.60555, 3, 3.60555, 30.0666, 27.1662, 33.0151],
[67.624, 21.8403, 15.6205, 33.2415, 45.31, 6.08276, 4.47214, 5, 4, 5, 5.65685, 5.38516, 12.0416, 16.1555, 28.6356, 27.4591, 75.9276, 31.8277, 26.3059, 27.4591, 42.0476, 35.0571, 39.3192, 55.3263, 53.1601, 39.2046, 45, 52.4976, 57.6888, 58.1893, 42.4264, 29.0172, 0, 24.6982, 22.8473, 23.7697, 18.6011, 17.0294, 14.7648, 30.0832, 30.3645, 35.3412, 48.1041, 46.1736, 46.1736, 8.24621, 7.2111, 3.16228, 7.81025, 5.09902, 7.28011, 2, 5, 4, 1, 3.60555, 6.32456, 6.7082, 5.83095, 5, 2.23607, 5.09902, 5.09902, 8.06226, 3.16228, 4.12311, 14.4222, 13.4164, 13.8924, 13.3417, 16.6433, 12.6491, 32.2025, 25.4951, 29.4109, 28.4253, 26.8328, 27.7308, 78.8733, 74.027, 77.1557, 34.6554, 33.4216, 29.0689, 24.0208, 23.0868, 25.9615, 26.0768, 24.3311, 28.4605, 40, 44, 45.0111, 33.0151, 35.3553, 35.0143, 39.0512, 37.054, 39.8121, 52.345, 52.345, 52.1536, 49.7293, 56.3205, 50, 41.1096, 38.2099, 37.5366, 47.634, 46.8615, 48.0104, 51.4004, 52.2015, 50.6063, 59.1693, 56.0803, 59.1693, 60.1664, 55.3624, 60.7289, 41.9762, 44.7214, 39.6232, 27.074, 29.0689, 26.0192, 3.16228, 2.82843, 4],
[71.1126, 3.60555, 24.6982, 41.4849, 64.8151, 28.3019, 28.178, 29.0689, 28.4605, 29.4109, 27.4591, 21.095, 23.4307, 8.544, 4.24264, 6, 53.1507, 14.0357, 25.4951, 25.4558, 41.4005, 36.0694, 34.9857, 49.0408, 42.7551, 22.0227, 22.2036, 30.2324, 33.9706, 33.5261, 24.2074, 11.6619, 24.6982, 0, 2, 1, 26.8328, 22.3607, 27.2029, 38.8973, 40.4969, 41.7732, 67.2012, 64.6375, 64.6375, 27.0185, 30.8869, 26.8328, 31.7648, 26.0768, 29.6816, 25.4951, 26.9258, 26.4197, 25.632, 27.7308, 31.0161, 31.3847, 30.4631, 29.5466, 25, 29.1204, 29.1204, 18.0278, 21.5407, 20.6155, 25.807, 27.0185, 26.4008, 11.6619, 9, 12.083, 7.81025, 2, 5, 9.05539, 3.16228, 3.60555, 55.9017, 50.9313, 54.8179, 16.0312, 17.1172, 13.6015, 26.6271, 25.2389, 22.6274, 27.0185, 24.2074, 22.8035, 38.6005, 41.8808, 43.2666, 32.5576, 38.2099, 34.0588, 36.6197, 35, 33.541, 46.2385, 46.2385, 47.0106, 40.2616, 45.5412, 40.025, 22.3607, 19.2354, 19.105, 25.2389, 24.6982, 24.8395, 28.4253, 29.0689, 27.8029, 35, 32.0156, 35, 35.4683, 30.8058, 36.1386, 25.4558, 27.0185, 22.6274, 8.06226, 9.21954, 8.544, 26.8328, 22.1359, 28.4605],
[71.2531, 3, 23.7065, 41, 63.6003, 26.6271, 26.4197, 27.2947, 26.5707, 27.5136, 25.4951, 19.4165, 22.2036, 6.7082, 5.83095, 6.32456, 54.4885, 14.0357, 24.0416, 24.0832, 40.2244, 34.7131, 34, 48.3839, 42.4264, 22.2036, 23.4307, 31.4006, 35.4683, 35.4401, 25.807, 12.8062, 22.8473, 2, 0, 1, 26, 21.5407, 26.0768, 38.3275, 39.8497, 41.4367, 66.0303, 63.5138, 63.5138, 25.4951, 29.1548, 25.0599, 30.0167, 24.4131, 28.0179, 23.7065, 25.2389, 24.6982, 23.7697, 25.9422, 29.1548, 29.5466, 28.6356, 27.7308, 23.0868, 27.2029, 27.2029, 16.4012, 19.6977, 18.7883, 24.6982, 25.807, 25.2389, 10, 7, 10.2956, 9.43398, 2.82843, 7, 9.05539, 4.24264, 5, 57.28, 52.3259, 56.0803, 16.2788, 17, 13.1529, 25, 23.6008, 21.2603, 25.4951, 22.6716, 21.6333, 37.4433, 40.8167, 42.19, 31.241, 36.7696, 32.8024, 35.5106, 33.8378, 32.6956, 45.5412, 45.5412, 46.2385, 39.8121, 45.2769, 39.6232, 22.8035, 19.6469, 19.4165, 26.4008, 25.807, 26.1725, 29.7321, 30.4138, 29.0689, 36.6197, 33.6006, 36.6197, 37.3363, 32.7567, 38.0789, 26.9072, 28.6007, 24.0832, 9.21954, 10.6301, 9.43398, 25.0599, 20.2485, 26.5707],
