/*********************************************
 * OPL 12.8.0.0 Model
 * Author: sebashc
 * Creation Date: 18/05/2018 at 4:11:38 p. m.
 *********************************************/
 execute
{
cplex.tilim=3000;
cplex.epgap=0.01;
} 
 
/***Constants***/
int depots=1; // Number of depots
int positions=128; // Number of current positions + (current positions + posibles positions)
int currentPositions=32; // Current positions
int vehicles=4; // Number of vehicles
//int maxCompartments=153; // Number of max compartments of the vehicle

/***Sets***/
range D=1..depots; // Set of depots
range V=1..depots+positions; // Set of vertices
range S=depots+1..depots+positions; // Set of current positions + posibles positions
range A=depots+1..depots+currentPositions; // Set of current positions
range K=1..vehicles; // Set of vehicles
//range M=1..maxCompartments; // Set of posibles configurations of compartments

/***Parametres***/
float c[V][V]=
[[0, 247.386, 192.595, 254.515, 70.2922, 167.872, 64.846, 81.3019, 83.863, 54.037, 36.6742, 39.0512, 57.0088, 205.915, 234.94, 197.307, 35.2278, 234.54, 117.239, 141.057, 168.181, 113.745, 111, 128.035, 208.777, 134.35, 126.396, 150.765, 176.238, 124.278, 120.42, 50.01, 191.126, 253.718, 253.476, 253.718, 195.931, 193.29, 194.997, 248.04, 252.958, 246.982, 72.6705, 68.593, 65.4599, 161.372, 174.657, 172.003, 65.3911, 64.4748, 61.1882, 84.4038, 86.8389, 80, 84.1724, 83.1505, 85.1469, 60.0333, 61, 52.7731, 34, 29.2746, 39, 32.28, 44.2832, 40.05, 63.2456, 64.6607, 53.0377, 199.685, 209.669, 199.882, 232.422, 229.478, 228.162, 195.041, 204.414, 196.041, 35.7351, 36.1248, 34.7851, 239.282, 234.955, 229.452, 116.43, 110.82, 111.987, 141.428, 139.435, 143.422, 174.943, 161.012, 167.765, 111.803, 113.772, 111.162, 107.005, 104.043, 113.464, 132.306, 121.103, 127.063, 216.023, 202.485, 205.407, 130.231, 134.536, 138.708, 119.419, 119.419, 120.702, 149.05, 155.048, 157.991, 171.02, 169.012, 177.485, 117.886, 128.406, 119.57, 124.852, 127.44, 123.329, 50.636, 43.0116, 43.1856, 194.805, 196.563, 186.4],
[247.386, 0, 326.639, 496.083, 195.092, 348.283, 259.008, 283.143, 326.547, 299.666, 281.043, 286.435, 286.094, 41.4849, 480.871, 442.73, 212.511, 13, 263.03, 386.338, 412.753, 360.469, 345.834, 372.388, 449.964, 381.274, 239.282, 277.651, 291.239, 342.177, 315.945, 239.209, 56.2939, 7.28011, 7.07107, 7.28011, 333.51, 321.311, 333.143, 489.248, 493.465, 488.467, 199, 191.377, 203.089, 341.352, 352.115, 355.563, 266, 266.002, 252, 290.11, 290.209, 288.028, 324.6, 327.649, 325.592, 306.34, 306.922, 296.42, 280.492, 274.767, 285.379, 279.646, 291.343, 286.782, 292.985, 290.622, 278.95, 48.1041, 38.4838, 47.676, 477.766, 475.836, 474.318, 439.683, 449.961, 440.672, 211.747, 213.506, 212.72, 11.6619, 15.6205, 18.1108, 256.195, 264.577, 265.746, 387.559, 385.593, 389.525, 419.148, 405.765, 413.31, 359.026, 360.976, 357.151, 344.398, 340.154, 345.419, 375.48, 365.166, 372.539, 456.668, 444.387, 445.457, 377.465, 381.811, 385.175, 237.447, 237.447, 234.796, 283.365, 274.591, 281.853, 292.657, 286.714, 297.693, 339.024, 342.473, 341.023, 314.814, 321.498, 322.692, 232.215, 241.599, 236.611, 52.811, 51.3517, 61.5224],
[192.595, 326.639, 0, 350.629, 167.475, 350.069, 127.812, 114.756, 171.172, 180.225, 177.071, 192.629, 148.098, 294.717, 265.424, 234.957, 203.194, 317.506, 80.4487, 201.693, 273.854, 201.308, 151.921, 190.436, 218.909, 212.84, 92.0054, 51.8556, 35.9026, 117.652, 87.6926, 146.697, 281.887, 333.88, 329.474, 333.88, 7.07107, 7.61577, 7, 346.706, 352.989, 344.896, 160.312, 174.642, 162.432, 344.569, 357.136, 352.366, 127.487, 128.445, 132.231, 114.739, 111.759, 118.95, 164.104, 178.126, 164.222, 184.024, 182.011, 173.349, 184.296, 181.218, 183.576, 193.662, 187.963, 185.432, 146.414, 141.598, 147.139, 293.061, 301.443, 287.117, 258.799, 265.498, 262.528, 228.079, 240.637, 228.659, 196.596, 209.824, 196.105, 325.012, 322.188, 310.807, 84.6463, 84.7231, 83.3547, 208.166, 207.425, 208.923, 280.189, 268.209, 268.198, 207.396, 207.858, 194.031, 158.142, 154.26, 145.207, 186.253, 186.261, 196.703, 221.416, 218.048, 211.766, 216.012, 219.146, 209.859, 96.4261, 96.4261, 98.0816, 48.8365, 53, 46.0435, 34.0147, 39.9249, 29.1204, 123.369, 111.072, 123.968, 80.5047, 83.5464, 90.802, 149.883, 152.201, 154.305, 288.669, 282.645, 274.707],
[254.515, 496.083, 350.629, 0, 321.89, 194.815, 277.901, 266.608, 197.436, 211.646, 228.825, 217.754, 240.433, 454.987, 113.283, 123.628, 286.833, 483.083, 319.376, 149.723, 87.4586, 158.795, 202.744, 162.533, 151.268, 141.605, 344.398, 342.286, 360.514, 234.182, 269.134, 284.628, 440.868, 501.774, 502.641, 501.774, 348.518, 356.434, 347.612, 7.07107, 7.07107, 7.61577, 322.2, 321.741, 315.412, 197.851, 197.102, 188.47, 271.533, 270.823, 281.556, 261.324, 263.638, 259.557, 203.295, 192.354, 202.633, 204.475, 205, 217.69, 226.226, 232.622, 222.2, 223.544, 215.205, 220.204, 236.191, 241.174, 246.862, 448.018, 457.617, 449.806, 119.942, 107.564, 110.454, 130.863, 120.702, 130.698, 289.373, 284.445, 288.507, 486.713, 482.255, 478.75, 323.806, 312.046, 312.194, 143.736, 144.803, 142.688, 80.4301, 94.6414, 89.8276, 155.621, 154.253, 165.424, 198.091, 202.852, 208.614, 165.496, 168.107, 157.293, 154.013, 147.763, 157.537, 140.72, 136.653, 142.836, 339.165, 339.165, 341.92, 335.872, 349.242, 346.965, 353.307, 355.642, 356.894, 229.637, 240.304, 228.615, 276.134, 270.801, 263.765, 290.024, 278.625, 282.519, 443.424, 446.996, 437.082],
[70.2922, 195.092, 167.475, 321.89, 0, 230.868, 64.4981, 89.2693, 134.715, 111.826, 93.6483, 104.202, 91.9837, 155.081, 288.905, 250.577, 50.9902, 183.003, 87.6812, 194.833, 234.649, 171.619, 151.076, 180.361, 255.548, 192.388, 80.0562, 116.829, 140.46, 147.98, 125.865, 44.1814, 140.129, 202.04, 200.302, 202.04, 172.818, 165.415, 172.073, 315.628, 320.801, 314.453, 7.2111, 7.2111, 8, 223.946, 237.255, 235.919, 71.2531, 71.1758, 57.3149, 96.026, 96.5091, 93.5361, 131.735, 137.058, 132.699, 119, 118.962, 106.93, 95.6922, 89.3085, 99.8599, 98.7168, 106.78, 101.789, 98.656, 95.8853, 84.7231, 150.403, 160.312, 148.014, 285.224, 284.48, 282.689, 246.909, 257.857, 247.881, 44.3847, 57.7062, 44.643, 189.042, 185.097, 177.045, 82.8794, 85.1469, 86.5563, 197.03, 195.144, 198.92, 241.599, 227.438, 233.311, 171.759, 173.566, 167.141, 150.097, 145.671, 150.403, 182.631, 173.081, 181.516, 262.086, 250.218, 250.801, 189.771, 194.24, 195.226, 73.8241, 73.8241, 73.3485, 118.697, 118.191, 123.709, 137.568, 133.454, 144.222, 144.347, 148.946, 146.342, 126.463, 132.257, 131.898, 37.2156, 47.2969, 42.45, 145.417, 144, 134.015],
[167.872, 348.283, 350.069, 194.815, 230.868, 0, 228.079, 235.688, 187.211, 170.485, 173.349, 157.537, 201.993, 311.207, 254.374, 231.536, 180.278, 335.932, 282.113, 199.249, 152.053, 176.502, 217.265, 197.914, 259.509, 182.409, 294.09, 315.006, 340.013, 249.195, 265.56, 217.559, 299.827, 352.363, 355.332, 352.363, 351.889, 352.366, 350.897, 188.098, 189.085, 188.47, 235.44, 226.433, 228.569, 7.2111, 7.07107, 7.61577, 226.002, 225.002, 226.374, 235.332, 238.315, 231.147, 193.582, 180.569, 193.879, 167.693, 169.859, 177.071, 166.244, 170.047, 166.589, 157.115, 162.117, 164.685, 203.796, 208.504, 203.416, 303.449, 311.448, 308.299, 256.813, 246.595, 247.493, 234.828, 235.478, 235.553, 186.574, 174.04, 186.261, 337.249, 332.898, 333.444, 282.399, 275.045, 276.029, 193.6, 192.408, 194.805, 153.395, 149.626, 158.6, 168.941, 169.956, 181.648, 210.021, 211.376, 223.788, 205.119, 196.105, 191.437, 266.588, 252.446, 261.038, 175.422, 176.207, 189.402, 287.141, 287.141, 288.513, 312.04, 320.077, 322, 334.073, 333.001, 340.147, 241.611, 255.861, 242.231, 272.09, 271.426, 264.985, 218.506, 210.373, 211.002, 299.843, 306.914, 298.563],
[64.846, 259.008, 127.812, 277.901, 64.4981, 228.079, 0, 25, 81.2158, 69.4622, 57.5674, 73.4983, 37.4833, 219.385, 230.465, 192.388, 79.2465, 247.099, 54.037, 138.708, 191.05, 120.254, 89.8443, 123.944, 194.054, 139.846, 70.2638, 87.0919, 112.361, 83.4865, 64.1405, 23.3238, 204.48, 266.03, 264.017, 266.03, 131.309, 128.445, 130.388, 272.244, 277.937, 270.823, 60.0333, 69.4262, 56.5685, 222.009, 235.053, 231.366, 7.28011, 7.61577, 7.28011, 31.5753, 32.28, 29.0689, 76.2758, 85.703, 77.1038, 76.0066, 74.8866, 62.434, 63.7887, 58.8558, 65.146, 72.0069, 71.5122, 67.3573, 42.0119, 37.4433, 31.4006, 214.842, 224.722, 212.236, 226.153, 226.771, 224.698, 187.968, 199.625, 188.905, 73.5527, 85.1469, 72.8354, 253.284, 249.393, 241.033, 54.7449, 47.0106, 48.0416, 142.172, 140.46, 143.892, 198.116, 184.043, 188.09, 122.495, 123.988, 114.403, 90.2497, 85.44, 88.0738, 124.812, 116.846, 126.57, 200.242, 189.19, 188.862, 138.842, 143.224, 141.198, 63.9531, 63.9531, 66.242, 84.7172, 92.0054, 94.1913, 106.794, 105.233, 113.137, 80.025, 84.5281, 82.0244, 66.4003, 71.0211, 69.3181, 29.5466, 26.1725, 29.8329, 209.862, 208.154, 198.252],
[81.3019, 283.143, 114.756, 266.608, 89.2693, 235.688, 25, 0, 69.6348, 67.897, 62.3939, 78.1601, 34.0588, 243.822, 211.142, 173.54, 101.533, 271.361, 53.7122, 122.201, 181.232, 107.815, 70.2353, 107.615, 172.702, 125.873, 77.8332, 82.4621, 106.066, 59.0339, 40.4599, 47.927, 228.965, 290.209, 288.028, 290.209, 117.154, 116.726, 116.181, 261.324, 267.227, 259.788, 84.4808, 94.3663, 81.3941, 230.054, 242.745, 238.254, 19.2354, 19.7231, 32.28, 7.07107, 7.28011, 7.07107, 63.4114, 75.4718, 64.0312, 73.0069, 71.3092, 60.6712, 69.5845, 66.4906, 69.1158, 78.9177, 74.0068, 71.0634, 34.2053, 28.8617, 32.3883, 239.416, 249.257, 236.611, 206.422, 207.966, 205.718, 168.621, 180.679, 169.523, 96.4002, 106.888, 95.6033, 277.651, 273.806, 265.228, 57.4282, 46.1411, 46.5296, 126.507, 124.964, 128.062, 188.215, 174.496, 177.429, 111.4, 112.614, 101.237, 72.111, 67.1193, 67.2309, 107.336, 100.896, 111.288, 178.572, 168.244, 167.171, 125.992, 130.177, 126.151, 72.8629, 72.8629, 75.743, 78.0897, 88.6002, 88.8426, 99.6092, 99.4636, 105.304, 56.2228, 59.6825, 58.2151, 43.9318, 47.5079, 44.9444, 54.4243, 49.3964, 53.7122, 234.446, 232.484, 222.65],
[83.863, 326.547, 171.172, 197.436, 134.715, 187.211, 81.2158, 69.6348, 0, 30.6757, 47.2652, 49.6588, 44.4185, 285.408, 154.564, 116.297, 118.271, 313.959, 123.175, 60.1664, 111.606, 39.0512, 32.5576, 45.8912, 125.144, 58.8303, 147.122, 149.563, 171.082, 61.9839, 83.4865, 92.1954, 270.407, 333.191, 332.254, 333.191, 171.493, 175.094, 170.496, 192.003, 197.841, 190.507, 132.966, 136.821, 127.138, 182.833, 194.18, 188.048, 74.5185, 73.8783, 85.703, 65, 67.6018, 62.6817, 7.07107, 7, 7, 26.9258, 25.0599, 31.1448, 50.448, 54.5894, 45.607, 56.0803, 42.5441, 45.2217, 39.2046, 43.9318, 51.4781, 279.723, 289.772, 278.883, 151.251, 149.897, 148.192, 113.137, 123.556, 114.127, 117.004, 119.942, 116.004, 319.269, 315.063, 308.449, 127.063, 115.663, 115.966, 62.3939, 60.5392, 64.2573, 118.6, 104.862, 107.935, 41.8688, 43.1856, 33.2866, 26.2488, 25.6125, 38.0132, 49.0918, 38.6394, 46.8188, 132.306, 119.017, 121.594, 57.6281, 62.0081, 60.8358, 141.767, 141.767, 144.499, 144.101, 156.17, 155.242, 164.125, 165.148, 168.962, 54.4059, 68.6804, 55.0273, 90.6697, 88.0909, 81.0247, 98.6154, 87.6641, 92.358, 274.754, 275.224, 265.036],
[54.037, 299.666, 180.225, 211.646, 111.826, 170.485, 69.4622, 67.897, 30.6757, 0, 18.6815, 19.4165, 34.2053, 258.312, 181.464, 143.59, 89.0225, 286.937, 119.854, 87.2066, 124.197, 60.8769, 61.2944, 74.0068, 154.829, 81.7435, 139.542, 150.233, 173.954, 84.0536, 95.1262, 73, 243.387, 306.165, 305.565, 306.165, 181.706, 183.011, 180.71, 205.65, 211.102, 204.353, 111.306, 112.805, 104.809, 165.327, 177.553, 172.409, 64.405, 63.5059, 71.6101, 66.1211, 69.1158, 62.2896, 32.7567, 29.1548, 33.6155, 7.2111, 7.28011, 7.28011, 20.0998, 25.0799, 15.1327, 25.4951, 12.2066, 14.5602, 34.0588, 39.2046, 38.4838, 252.353, 262.383, 252.01, 178.718, 176.238, 174.797, 141.128, 150.748, 142.127, 88.459, 90.1388, 87.4643, 291.973, 287.701, 281.624, 122.197, 112.272, 112.929, 87.9659, 85.9884, 89.9444, 131.244, 117.034, 122.201, 60.1664, 62.0322, 57.5587, 55.9464, 54.0833, 65.437, 78.3135, 67.0671, 73.2462, 162.117, 148.486, 151.605, 78.4347, 82.8734, 85.5102, 133.36, 133.36, 135.695, 145.986, 156.205, 156.707, 167.451, 167.359, 173.046, 76.6094, 89.8888, 77.801, 101.607, 101.139, 94.921, 78.4092, 67.0075, 71.0282, 247.421, 248.502, 238.304],
[36.6742, 281.043, 177.071, 228.825, 93.6483, 173.349, 57.5674, 62.3939, 47.2652, 18.6815, 0, 16.1245, 29.4109, 239.708, 199.97, 162.003, 71.0634, 268.328, 110.644, 105.575, 141.4, 79.555, 74.8465, 92.0869, 172.351, 100.424, 127.581, 142.594, 167.192, 91.9348, 95.8541, 56.7274, 224.771, 287.559, 286.923, 287.559, 179.254, 179.12, 178.272, 222.704, 228.037, 221.461, 93.4773, 94.3716, 86.8217, 167.672, 180.4, 176.045, 53.9351, 52.9528, 58.1808, 62.5859, 65.5134, 58.2495, 47.5395, 47.0425, 48.5077, 25.632, 25.9615, 16.1245, 7.28011, 7.61577, 7.61577, 16.7631, 14.4222, 9.84886, 33.121, 36.7696, 30.0666, 233.788, 243.824, 233.38, 197.122, 194.815, 193.342, 159.38, 169.186, 160.378, 70.1142, 72.6911, 69.1158, 273.403, 269.141, 262.992, 112.058, 103.247, 104.087, 106.532, 104.561, 108.503, 148.405, 134.201, 139.786, 78.7718, 80.6536, 76.1183, 70.5195, 67.7791, 77.8267, 96.0208, 85.0235, 91.6624, 179.547, 166.148, 168.858, 97.0824, 101.514, 104.139, 121.078, 121.078, 123.167, 139.129, 148.098, 149.405, 161.05, 160.312, 167.003, 84.9588, 96.9381, 86.4523, 101.592, 102.46, 97.0618, 61.5224, 50.2096, 53.8145, 228.849, 229.856, 219.659],
[39.0512, 286.435, 192.629, 217.754, 104.202, 157.537, 73.4983, 78.1601, 49.6588, 19.4165, 16.1245, 0, 44.5533, 244.965, 196.367, 159.013, 74.1485, 273.591, 126.752, 103.121, 130.698, 75.1066, 80.7094, 90.7965, 172.131, 95.5249, 143.279, 158.71, 183.273, 102.45, 110.055, 70.7248, 230.17, 292.77, 292.515, 292.77, 194.648, 194.833, 193.662, 211.454, 216.603, 210.297, 104.89, 104.01, 97.949, 151.954, 164.596, 160.112, 70.0357, 69.0507, 73.736, 77.9295, 80.895, 73.6817, 52.1536, 47.1275, 53, 23.0868, 24.6982, 22.8035, 9.84886, 15.8114, 9.05539, 7, 7.2111, 7.28011, 47.1275, 51.4198, 46, 238.732, 248.713, 238.918, 194.064, 190.759, 189.518, 157.08, 166.048, 158.079, 74.7262, 74.2428, 73.7631, 278.325, 273.995, 268.494, 128.098, 119.365, 120.208, 103.019, 101.02, 105.019, 137.594, 123.491, 129.769, 72.8354, 74.8131, 73.0616, 75.2928, 73.4983, 84.8116, 95.7079, 84.1724, 89.1403, 179.524, 165.605, 169.248, 91.2414, 95.5249, 100.125, 136.704, 136.704, 138.716, 155.206, 164.222, 165.511, 177.102, 176.409, 183.025, 95.1315, 108.005, 96.4261, 116.09, 116.456, 110.693, 74.8131, 63.8201, 66.8431, 233.855, 235.58, 225.411],
[57.0088, 286.094, 148.098, 240.433, 91.9837, 201.993, 37.4833, 34.0588, 44.4185, 34.2053, 29.4109, 44.5533, 0, 245.4, 197.122, 158.808, 85.7963, 273.732, 85.703, 103.619, 153.574, 83.2346, 60.0083, 88.955, 163.884, 103.247, 106.33, 116.103, 140.036, 67.4166, 66.6408, 48.3839, 230.367, 292.904, 291.548, 292.904, 150.097, 150.403, 149.111, 234.764, 240.454, 233.345, 89.56, 94.8947, 84.1724, 196.471, 209.057, 204.414, 31.4006, 30.6105, 41.4005, 33.3766, 36.3456, 29.1548, 40.3113, 48.4149, 41.2311, 39.9249, 38.4838, 26.9258, 36.6879, 34.8855, 35.5106, 46.1736, 40.0125, 37.3363, 7.07107, 7.81025, 7.28011, 240.133, 250.162, 238.606, 193.313, 192.899, 191.018, 154.987, 166.087, 155.955, 82.5651, 89.4707, 81.6088, 279.403, 275.307, 267.989, 88.2383, 78.1089, 78.7464, 106.452, 104.652, 108.259, 160.639, 146.578, 150.615, 85.1469, 86.6833, 77.6981, 58.3095, 54.0833, 60.531, 90.802, 81.7068, 90.802, 170.576, 158.398, 159.38, 101.833, 106.254, 105.119, 100.404, 100.404, 102.903, 112.009, 122.025, 122.642, 133.634, 133.36, 139.359, 61.2944, 71.4003, 63.0635, 72.2357, 73.3553, 68.2642, 55.0818, 44.7214, 49.6488, 235.136, 234.77, 224.644],
[205.915, 41.4849, 294.717, 454.987, 155.081, 311.207, 219.385, 243.822, 285.408, 258.312, 239.708, 244.965, 245.4, 0, 439.609, 401.508, 171.026, 28.6356, 227.108, 345.094, 371.389, 319.081, 305.277, 331.21, 409.176, 339.872, 205.01, 244.395, 260.017, 302.8, 277.834, 199.003, 15.0333, 47.8539, 47.7598, 47.8539, 301.423, 289.883, 300.98, 448.175, 452.452, 447.371, 159.38, 151.003, 163.077, 304.174, 315.373, 318.352, 226.268, 226.221, 212.285, 250.721, 250.966, 248.453, 283.591, 286.4, 284.586, 264.955, 265.56, 255.155, 239.075, 233.38, 243.971, 238.17, 249.904, 245.359, 252.335, 250.128, 238.302, 7.81025, 7.07107, 7.61577, 436.57, 434.522, 433.028, 398.54, 408.73, 399.531, 170.294, 172.047, 171.269, 34.0147, 30.0167, 23.7697, 220.429, 228.035, 229.264, 346.238, 344.269, 348.208, 377.809, 364.387, 371.892, 317.586, 319.539, 315.826, 303.659, 299.483, 305.059, 334.401, 324.002, 331.267, 415.944, 403.521, 404.773, 336.025, 340.366, 343.821, 202.485, 202.485, 200.025, 249.618, 241.969, 249.147, 260.739, 254.951, 266.177, 299.376, 303.389, 301.374, 277.116, 283.623, 284.424, 192.003, 201.09, 196.092, 11.6619, 12.083, 21.2132],
[234.94, 480.871, 265.424, 113.283, 288.905, 254.374, 230.465, 211.142, 154.564, 181.464, 199.97, 196.367, 197.122, 439.609, 0, 38.3275, 270.159, 468.209, 256.628, 94.541, 102.343, 121.264, 141.032, 108.683, 46.8722, 101.02, 284.86, 270.963, 283.656, 160.897, 197.626, 245.491, 424.643, 487.444, 486.659, 487.444, 261.748, 272.25, 260.969, 113.565, 119.05, 111.611, 286.681, 291.29, 281.187, 254.342, 259.237, 250.416, 223.215, 222.854, 236.315, 204.394, 205.718, 204.502, 157.175, 153.222, 156.208, 175.034, 174.27, 184.456, 201.099, 206.519, 196.128, 203.354, 190.673, 194.928, 190.717, 194.165, 204.402, 433.748, 443.786, 433.195, 7.28011, 7.81025, 7.28011, 42.5441, 31.0483, 41.6293, 269.904, 270.599, 268.911, 473.355, 469.102, 462.793, 262.574, 250.392, 250.06, 93.5361, 95.5249, 91.5478, 101.213, 105.309, 96.0417, 124.004, 122.004, 123.911, 140.218, 145.031, 144.003, 106.32, 115.953, 108.342, 46.0977, 47.4236, 54.0833, 106.042, 102.122, 96.2549, 281.311, 281.311, 284.412, 263.638, 277.995, 273.88, 276.632, 280.371, 278.614, 159.531, 165, 157.842, 203.404, 196.637, 190.801, 252.2, 241.63, 246.455, 428.803, 429.597, 419.402],
[197.307, 442.73, 234.957, 123.628, 250.577, 231.536, 192.388, 173.54, 116.297, 143.59, 162.003, 159.013, 158.808, 401.508, 38.3275, 0, 232.484, 430.094, 220.293, 56.4358, 82.4197, 84.0238, 103.31, 70.406, 31.0161, 64.4981, 248.23, 236.381, 250.571, 125.495, 162.373, 207.183, 386.529, 449.329, 448.486, 449.329, 231.873, 241.448, 231.037, 121.696, 127.883, 119.708, 248.365, 252.976, 242.86, 230.601, 237.008, 228.449, 185.154, 184.773, 198.157, 166.883, 168.324, 166.811, 118.849, 115.117, 117.881, 137.295, 136.444, 146.373, 163.371, 168.668, 158.382, 166.012, 153.118, 157.258, 152.427, 155.926, 166.087, 395.702, 405.745, 395.056, 35.1283, 34.4384, 32.311, 7.28011, 7.28011, 7.07107, 232.045, 233.137, 231.05, 435.295, 431.057, 424.643, 226.049, 213.843, 213.581, 56, 58, 54, 83.863, 82.9759, 75, 87.4643, 85.4751, 86.1452, 102.157, 107.019, 106.677, 68.0074, 77.666, 70.3491, 36.7151, 25.4951, 35.6931, 70.214, 66.7083, 59.0762, 244.436, 244.436, 247.51, 229.212, 243.446, 239.735, 243.446, 246.83, 245.904, 123.406, 130.177, 121.824, 168.505, 162.003, 155.795, 213.883, 203.303, 208.127, 390.749, 391.435, 381.241],
[35.2278, 212.511, 203.194, 286.833, 50.9902, 180.278, 79.2465, 101.533, 118.271, 89.0225, 71.0634, 74.1485, 85.7963, 171.026, 270.159, 232.484, 0, 199.625, 123.483, 176.182, 201.445, 148.973, 143.611, 163.003, 243.403, 169.567, 124.535, 156.17, 181.298, 152.506, 141.993, 57.2014, 156.32, 218.769, 218.68, 218.769, 207.523, 202.588, 206.662, 280.216, 284.909, 279.251, 56.3205, 46.1736, 50.04, 173.297, 186.574, 185.521, 82.807, 82.134, 73.1095, 106.4, 108.231, 102.416, 117.958, 118.004, 118.95, 95.1893, 96.0833, 87.1436, 69.1158, 64, 74.108, 67.2681, 79.511, 75.2396, 92.6984, 92.7038, 80.1124, 164.685, 174.642, 165.13, 267.606, 264.706, 263.388, 230.139, 239.604, 231.138, 7.07107, 7.07107, 7.28011, 204.247, 199.902, 194.641, 120.702, 118.533, 119.883, 176.638, 174.645, 178.631, 208.062, 194.34, 201.48, 146.973, 148.946, 146.342, 140.246, 136.894, 145.331, 167.075, 156.003, 162.197, 250.577, 237.211, 239.835, 165.387, 169.673, 173.934, 117.686, 117.686, 118.068, 156.17, 159.088, 163.414, 177.158, 174.04, 183.848, 146.82, 155.708, 148.647, 145.097, 149.037, 146.209, 53.3385, 53.0754, 49.8197, 159.831, 161.914, 151.789],
[234.54, 13, 317.506, 483.083, 183.003, 335.932, 247.099, 271.361, 313.959, 286.937, 268.328, 273.591, 273.732, 28.6356, 468.209, 430.094, 199.625, 0, 252.48, 373.687, 399.772, 347.714, 333.542, 359.778, 437.567, 368.506, 229.271, 268.024, 282.307, 330.388, 304.637, 227.055, 43.566, 19.2354, 19.7231, 19.2354, 324.327, 312.34, 323.934, 476.249, 480.467, 475.467, 187.067, 179.137, 191.003, 328.977, 339.835, 343.185, 254.049, 254.031, 240.052, 278.304, 278.46, 276.147, 312.083, 314.994, 313.077, 293.586, 294.187, 283.753, 267.711, 262.011, 272.606, 266.79, 278.539, 273.995, 280.644, 278.352, 266.608, 35.1141, 25.4951, 35.1283, 465.146, 463.138, 461.637, 427.095, 437.319, 428.085, 198.927, 200.569, 199.902, 7.81025, 7.28011, 6.7082, 245.693, 253.811, 255.002, 374.856, 372.887, 376.825, 406.163, 392.787, 400.345, 346.221, 348.174, 344.444, 332.02, 327.808, 333.216, 362.927, 352.563, 359.869, 444.303, 431.95, 433.111, 364.66, 369, 372.447, 227.2, 227.2, 224.611, 273.578, 265.174, 272.415, 283.494, 277.597, 288.669, 327.124, 330.801, 329.123, 303.659, 310.281, 311.328, 220.057, 229.314, 224.321, 39.8497, 39.0128, 49.0918],
[117.239, 263.03, 80.4487, 319.376, 87.6812, 282.113, 54.037, 53.7122, 123.175, 119.854, 110.644, 126.752, 85.703, 227.108, 256.628, 220.293, 123.483, 252.48, 0, 172.557, 234.649, 160.801, 118.929, 158.398, 214.674, 177.992, 28.7924, 33.541, 59.0339, 96.1769, 60.7454, 68.4105, 213.138, 270.296, 266.918, 270.296, 85.4283, 79.2591, 84.6463, 314.25, 320.22, 312.674, 80.6226, 94.7629, 82.2192, 276.029, 289.085, 285.394, 56.7186, 57.7062, 56.2228, 58.2495, 55.8032, 60.5392, 116.765, 129.139, 117.324, 125.591, 124.064, 112.579, 117.239, 112.641, 118.068, 125.782, 123.976, 120.221, 87.3212, 81.939, 81.7435, 224.216, 233.384, 219.536, 251.247, 254.332, 251.835, 214.672, 227.178, 215.502, 116.73, 130.269, 116.297, 259.532, 256.189, 245.937, 7, 7.61577, 7.2111, 177.496, 176.105, 178.899, 241.599, 227.982, 230.638, 164.757, 165.895, 154.013, 122.332, 117.388, 114.337, 157.08, 152.109, 162.788, 219.611, 211.256, 208.406, 178.664, 182.727, 177.598, 27.1662, 27.1662, 30.2655, 32.6956, 38.0132, 40.7922, 54.1202, 51.788, 60.7289, 97.0979, 93.1075, 98.7927, 56.7539, 64.0312, 68.0074, 70.5762, 74.7329, 75.9605, 219.495, 215.128, 206.184],
[141.057, 386.338, 201.693, 149.723, 194.833, 199.249, 138.708, 122.201, 60.1664, 87.2066, 105.575, 103.121, 103.619, 345.094, 94.541, 56.4358, 176.182, 373.687, 172.557, 0, 74.4312, 29.4109, 53.8145, 14.7648, 70.5195, 17, 199.251, 193.217, 210.839, 84.534, 119.541, 151.921, 330.121, 392.922, 392.119, 392.922, 200.025, 207.234, 199.09, 145.413, 151.648, 143.656, 192.925, 196.987, 187.211, 196.815, 205.548, 197.752, 131.609, 131.126, 144.003, 116.039, 117.924, 115.209, 63.3246, 58.6941, 62.3939, 81.0247, 80.0999, 89.9444, 107.075, 112.285, 102.078, 110.114, 97.0052, 101.02, 97.5756, 101.518, 110.86, 339.271, 349.314, 338.662, 91.5478, 89.7385, 88.0738, 54, 63.6396, 55, 175.642, 177.003, 174.645, 378.868, 374.626, 368.257, 177.654, 165.56, 165.517, 7, 7.28011, 7.28011, 80.0625, 70.0286, 67.897, 34.8855, 33.121, 30.0666, 50.3289, 55.3173, 59.203, 15.8114, 21.9317, 14, 78.1089, 63.6003, 68.942, 23.8537, 23.7697, 10.4403, 194.756, 194.756, 197.717, 186.604, 200.232, 197.626, 203.63, 206.073, 207.171, 79.925, 90.802, 78.8923, 126.479, 121.078, 114.057, 158.483, 147.679, 152.427, 334.32, 335.058, 324.863],
[168.181, 412.753, 273.854, 87.4586, 234.649, 152.053, 191.05, 181.232, 111.606, 124.197, 141.4, 130.698, 153.574, 371.389, 102.343, 82.4197, 201.445, 399.772, 234.649, 74.4312, 0, 74.3034, 122.197, 83.678, 112.681, 61.131, 258.645, 259.625, 279.544, 156.237, 188.558, 197.19, 356.976, 418.703, 419.148, 418.703, 272.694, 278.959, 271.737, 81.4678, 87, 80.1561, 234.828, 234.691, 228.079, 152.013, 157.003, 148.223, 184.859, 184.114, 194.456, 176.4, 178.891, 174.256, 117.89, 106.042, 117.324, 117.034, 117.593, 130.3, 138.957, 145.341, 134.848, 136.693, 127.883, 132.88, 149.683, 154.797, 159.831, 364.66, 374.433, 365.874, 104.809, 94.578, 95.4411, 87.1321, 85.1469, 87.6641, 203.494, 199.625, 202.596, 403.823, 399.396, 395.142, 238.657, 227.178, 227.438, 67.4759, 67.7422, 67.2681, 7.07107, 7.2111, 7.61577, 69.8928, 68.7968, 81.4125, 116.469, 120.83, 128.752, 88.6454, 87.5957, 77.201, 118.983, 106.174, 115.884, 57.9396, 54.7083, 64.9384, 253.16, 253.16, 255.828, 253.647, 266.43, 264.824, 272.406, 274.142, 276.586, 150.546, 162.926, 149.893, 195.778, 191.269, 184.024, 202.566, 191.167, 195.064, 359.947, 362.861, 352.823],
[113.745, 360.469, 201.308, 158.795, 171.619, 176.502, 120.254, 107.815, 39.0512, 60.8769, 79.555, 75.1066, 83.2346, 319.081, 121.264, 84.0238, 148.973, 347.714, 160.801, 29.4109, 74.3034, 0, 49.6488, 21.9317, 99.93, 20.8806, 185.607, 185.321, 205.412, 84.7172, 114.826, 130.25, 304.179, 366.935, 366.399, 366.935, 200.661, 206.041, 199.685, 153.525, 159.455, 151.98, 170.426, 173.104, 164.283, 173.416, 183.087, 175.775, 113.569, 112.929, 124.619, 102.616, 105, 100.767, 44.5533, 34.9857, 43.8634, 54.1295, 53.6004, 64.846, 80.0625, 85.703, 75.1332, 82.0975, 69.4622, 73.8241, 78.2432, 82.9759, 90.1388, 313.05, 323.068, 312.827, 119.004, 115.732, 114.438, 82.4924, 91, 83.4865, 148.946, 149.335, 147.959, 352.673, 348.382, 342.441, 165.076, 153.405, 153.6, 28.0713, 26.0768, 30.0666, 81.1234, 67.9779, 69.8928, 7.61577, 7.07107, 7.28011, 43.1741, 47.1275, 56.5685, 29.0689, 19.6977, 16.6433, 107.517, 93.0054, 98.2344, 18.6011, 23.0217, 25.02, 180.424, 180.424, 183.208, 179.36, 192.13, 190.539, 198.298, 199.922, 202.615, 78.2624, 91.6624, 77.9295, 122.09, 118.004, 110.725, 136.418, 125.22, 129.711, 308.131, 309.343, 299.147],
[111, 345.834, 151.921, 202.744, 151.076, 217.265, 89.8443, 70.2353, 32.5576, 61.2944, 74.8465, 80.7094, 60.0083, 305.277, 141.032, 103.31, 143.611, 333.542, 118.929, 53.8145, 122.197, 49.6488, 0, 40.2244, 104.561, 61.7171, 146.031, 139.617, 158.028, 35.1283, 66.6483, 106.921, 290.248, 352.687, 351.199, 352.687, 151.109, 156.85, 150.137, 198.114, 204.267, 196.42, 147.959, 154.467, 143.136, 213.242, 224.147, 217.61, 82.5651, 82.28, 96.0469, 63.6318, 65.192, 63.5059, 28.6007, 38.0132, 27.8029, 58.8982, 56.8507, 59.4811, 79.6053, 82.4621, 75.1798, 86.6083, 73.4983, 75.2928, 53, 55.2268, 67.0075, 300.082, 310.103, 298.429, 136.488, 137.743, 135.518, 98.4886, 110.463, 99.4032, 141.23, 146.294, 140.246, 339.289, 335.215, 327.739, 124.197, 112.045, 111.946, 59.203, 58.0086, 60.4401, 128.693, 116.379, 116.867, 56.2228, 56.4358, 42.4264, 7.28011, 7.2111, 7, 38.1838, 34.8855, 45.6508, 111.018, 99.4636, 99.7246, 64.2573, 67.624, 59.9083, 141.824, 141.824, 144.845, 133.135, 146.605, 144.222, 150.841, 152.977, 154.738, 28.6356, 42.107, 28.2843, 73.7902, 69.0797, 61.8466, 113.864, 104.235, 109.225, 295.083, 294.551, 284.45],
[128.035, 372.388, 190.436, 162.533, 180.361, 197.914, 123.944, 107.615, 45.8912, 74.0068, 92.0869, 90.7965, 88.955, 331.21, 108.683, 70.406, 163.003, 359.778, 158.398, 14.7648, 83.678, 21.9317, 40.2244, 0, 81.3941, 22.561, 184.859, 179.836, 198.093, 72.8011, 106.677, 137.295, 316.218, 379.012, 378.118, 379.012, 189.114, 195.724, 188.162, 157.953, 164.125, 156.247, 178.354, 182.631, 172.702, 194.982, 204.431, 196.977, 116.846, 116.362, 129.248, 101.533, 103.479, 100.603, 48.7032, 45.0444, 47.7598, 68.1836, 67.0671, 76.2365, 94.0479, 99.0051, 89.0505, 97.7394, 84.3801, 88.1419, 82.8553, 86.764, 96.2081, 325.467, 335.515, 324.718, 105.38, 104.12, 102.357, 67.3647, 77.666, 68.3593, 162.197, 164.11, 161.199, 365.038, 360.817, 354.295, 163.38, 151.327, 151.321, 19.105, 17.8045, 20.5183, 89.8443, 78.4474, 77.7946, 29.2062, 28.0179, 19.2354, 36.0694, 41.0122, 46.1411, 7.2111, 7.28011, 7.07107, 88.8426, 74.8131, 78.848, 27, 29.2746, 19.7231, 180.278, 180.278, 183.221, 173.358, 186.818, 184.44, 190.895, 193.132, 194.654, 67.5426, 79.3788, 66.7083, 113.741, 108.674, 101.533, 143.892, 133.15, 137.928, 320.506, 321.076, 310.886],
[208.777, 449.964, 218.909, 151.268, 255.548, 259.509, 194.054, 172.702, 125.144, 154.829, 172.351, 172.131, 163.884, 409.176, 46.8722, 31.0161, 243.403, 437.567, 214.674, 70.5195, 112.681, 99.93, 104.561, 81.3941, 0, 83.6301, 243.286, 226.685, 238.193, 118.512, 154.548, 211.436, 394.143, 456.755, 455.432, 456.755, 215.102, 225.816, 214.336, 150.013, 156.051, 148.014, 252.517, 258.745, 247.631, 258.172, 265.211, 256.798, 186.783, 186.561, 200.449, 165.723, 166.652, 166.481, 126.004, 125.674, 125.004, 149.345, 148.098, 156.259, 174.929, 179.547, 169.956, 179.047, 165.605, 169.186, 157.035, 159.665, 171.058, 403.775, 413.818, 402.439, 40, 48.3322, 45.1885, 25.5539, 31.257, 25.0599, 242.101, 244.902, 241.102, 443.157, 439.026, 431.856, 220.925, 208.866, 208.406, 73.0069, 74.8465, 71.1758, 114.529, 112.645, 105.152, 105.109, 103.247, 99.925, 105.575, 109.895, 105.991, 76.531, 87.9659, 83.9345, 7.61577, 7.2111, 7.2111, 90.3549, 87.818, 76.9675, 240.26, 240.26, 243.403, 219.244, 233.658, 229.201, 231.249, 235.213, 232.948, 118.309, 121.803, 116.469, 159.85, 152.856, 147.492, 218.357, 208.504, 213.469, 398.784, 398.629, 388.491],
[134.35, 381.274, 212.84, 141.605, 192.388, 182.409, 139.846, 125.873, 58.8303, 81.7435, 100.424, 95.5249, 103.247, 339.872, 101.02, 64.4981, 169.567, 368.506, 177.992, 17, 61.131, 20.8806, 61.7171, 22.561, 83.6301, 0, 203.652, 200.808, 219.713, 95.1893, 128.363, 150.722, 324.982, 387.723, 387.221, 387.723, 211.596, 218.048, 210.642, 136.741, 142.836, 135.093, 191.094, 193.941, 185.011, 180.069, 188.672, 180.834, 133.004, 132.412, 144.506, 120.241, 122.43, 118.802, 63.6003, 55.4617, 62.8013, 74.9533, 74.4648, 85.703, 100.807, 106.513, 95.901, 102.489, 90.0944, 94.541, 97.9081, 102.416, 110.277, 333.808, 343.821, 333.642, 99.1262, 95.2575, 94.0851, 63.7887, 71.2531, 64.7611, 169.673, 169.756, 168.689, 373.43, 369.131, 363.255, 182.631, 170.742, 170.836, 11.3137, 10, 12.8062, 67.3573, 55.9017, 55.3624, 23.0217, 21.0238, 25.5539, 56.6039, 61.2944, 68.0294, 28.0179, 26.8328, 16.1555, 91.236, 76.4853, 83.006, 7.07107, 7.07107, 7.07107, 198.728, 198.728, 201.586, 194.51, 207.735, 205.643, 212.532, 214.581, 216.456, 89.6939, 101.833, 88.955, 135.506, 130.679, 123.483, 156.978, 145.836, 150.376, 328.897, 330.171, 319.977],
[126.396, 239.282, 92.0054, 344.398, 80.0562, 294.09, 70.2638, 77.8332, 147.122, 139.542, 127.581, 143.279, 106.33, 205.01, 284.86, 248.23, 124.535, 229.271, 28.7924, 199.251, 258.645, 185.607, 146.031, 184.859, 243.286, 203.652, 0, 40.2244, 61.2209, 124.776, 89.5377, 76.531, 191.596, 246.562, 242.788, 246.562, 98.2293, 88.5268, 97.6524, 339.063, 344.935, 337.544, 72.9178, 87.2066, 76.896, 287.675, 300.927, 297.975, 75.1798, 76.0592, 69.5701, 83.4506, 81.3941, 84.8999, 141.113, 152.611, 141.767, 145.89, 144.627, 132.412, 133.462, 128.082, 135.192, 141.089, 141.693, 137.419, 109.289, 104.043, 101.119, 202.766, 211.54, 197.396, 279.578, 282.397, 279.946, 242.745, 255.18, 243.59, 117.478, 131.594, 117.277, 236.542, 233.418, 222.639, 22.3607, 34.4819, 34.8855, 203.887, 202.41, 205.373, 265.663, 251.811, 255.055, 188.987, 190.263, 179.067, 148.923, 143.934, 141.824, 183.992, 178.331, 188.862, 248.294, 239.767, 237.065, 203.823, 208.01, 203.725, 7, 7, 6.7082, 44.7214, 39.598, 46.0977, 59.397, 54.5619, 65.7951, 125.399, 121.852, 127.142, 85.44, 92.72, 96.7988, 76.0263, 83.7257, 83.2166, 198.215, 192.938, 184.491],
[150.765, 277.651, 51.8556, 342.286, 116.829, 315.006, 87.0919, 82.4621, 149.563, 150.233, 142.594, 158.71, 116.103, 244.395, 270.963, 236.381, 156.17, 268.024, 33.541, 193.217, 259.625, 185.321, 139.617, 179.836, 226.685, 200.808, 40.2244, 0, 25.4951, 111.018, 74.2765, 101.868, 231.225, 284.923, 280.856, 284.923, 58.0086, 48.8365, 57.4282, 337.535, 343.642, 335.872, 109.622, 124.036, 112.361, 309.006, 322.002, 318.127, 89.0505, 90.05, 89.6772, 85.3815, 82.5409, 88.6002, 142.762, 156, 143.178, 155.467, 153.769, 142.972, 149.405, 145.124, 149.857, 158.202, 155.425, 151.954, 116.662, 111.324, 113, 242.405, 251.016, 236.78, 265.047, 269.537, 266.833, 230.202, 242.909, 230.95, 149.308, 163.049, 148.93, 275.409, 272.415, 261.354, 35.4683, 40.1123, 39.0512, 198.806, 197.626, 200, 266.43, 253.237, 255.031, 190.079, 191.003, 178.239, 144.222, 139.517, 134.015, 177.429, 174.184, 185, 230.755, 224.201, 219.968, 202.371, 206.17, 199.484, 44.5982, 44.5982, 46.2277, 7.61577, 7.07107, 7.28011, 21.0238, 18.2483, 27.7308, 114.022, 106.217, 115.365, 67.897, 74.411, 80.6226, 103.74, 108.259, 109.385, 237.918, 232.312, 224.083],
[176.238, 291.239, 35.9026, 360.514, 140.46, 340.013, 112.361, 106.066, 171.082, 173.954, 167.192, 183.273, 140.036, 260.017, 283.656, 250.571, 181.298, 282.307, 59.0339, 210.839, 279.544, 205.412, 158.028, 198.093, 238.193, 219.713, 61.2209, 25.4951, 0, 126.827, 91.4166, 127.346, 247.477, 298.464, 293.956, 298.464, 42.9535, 30.0832, 42.7551, 356.034, 362.215, 354.316, 133.255, 147.665, 136.473, 334.073, 347.023, 343.023, 114.018, 115.017, 115.117, 108.259, 105.323, 111.803, 164.137, 177.725, 164.469, 178.885, 177.102, 166.736, 174.103, 170.003, 174.347, 183.025, 179.714, 176.409, 140.071, 134.807, 137.364, 258.631, 266.813, 252.438, 277.417, 282.843, 280.018, 244.076, 256.798, 244.761, 174.393, 188.215, 174.04, 289.862, 287.124, 275.601, 60.7289, 65.4905, 64.3817, 216.781, 215.745, 217.83, 286.225, 273.366, 274.592, 210.618, 211.405, 198.215, 163.248, 158.761, 151.954, 195.041, 192.899, 203.679, 241.615, 236.381, 231.249, 221.82, 225.424, 217.816, 66.8506, 66.8506, 67.8012, 28.0713, 22.3607, 18.2483, 7.2111, 7.28011, 7, 130.924, 121.211, 132.019, 84.3801, 89.8721, 96.7988, 129.12, 133.754, 134.852, 254.332, 247.97, 240.277],
[124.278, 342.177, 117.652, 234.182, 147.98, 249.195, 83.4865, 59.0339, 61.9839, 84.0536, 91.9348, 102.45, 67.4166, 302.8, 160.897, 125.495, 152.506, 330.388, 96.1769, 84.534, 156.237, 84.7172, 35.1283, 72.8011, 118.512, 95.1893, 124.776, 111.018, 126.827, 0, 36.8782, 105.119, 287.92, 349.242, 347.052, 349.242, 116.482, 122.931, 115.521, 229.941, 236.18, 228.178, 143.422, 152.742, 140.036, 244.79, 256.164, 250, 76.7919, 76.9415, 90.6697, 52.0865, 52, 54.4518, 55.7136, 68.6804, 55.3624, 84.2199, 81.9878, 79.6492, 98.3107, 99.0858, 94.921, 106.963, 95.6033, 95.7758, 61.0328, 60.0333, 72.4707, 298.317, 308.185, 295.611, 155.322, 159.013, 156.4, 119.474, 132.136, 120.254, 148.647, 156.589, 147.733, 336.656, 332.796, 324.261, 102.416, 90.377, 89.8999, 90.802, 89.9611, 91.6788, 162.542, 150.685, 150.546, 91.351, 91.5478, 77.5242, 42.0119, 39.1152, 28.1603, 68.8767, 68.6804, 79.0569, 123.568, 115.104, 112.308, 98.4937, 101.533, 92.3093, 121.852, 121.852, 125.004, 103.966, 118.089, 114.691, 119.62, 122.442, 122.874, 7.61577, 7, 7.07107, 43.1393, 37.0135, 30.4138, 111.987, 104.809, 109.636, 293.339, 291.496, 281.642],
[120.42, 315.945, 87.6926, 269.134, 125.865, 265.56, 64.1405, 40.4599, 83.4865, 95.1262, 95.8541, 110.055, 66.6408, 277.834, 197.626, 162.373, 141.993, 304.637, 60.7454, 119.541, 188.558, 114.826, 66.6483, 106.677, 154.548, 128.363, 89.5377, 74.2765, 91.4166, 36.8782, 0, 87.4643, 263.23, 323.125, 320.408, 323.125, 88.0909, 91.7823, 87.0919, 264.622, 270.801, 262.909, 120.208, 131.674, 118.33, 260.45, 272.624, 267.32, 59.4054, 60, 71.1969, 36.1248, 33.9411, 40.4599, 76.4199, 90.4489, 76.531, 98.0051, 95.8853, 88.7694, 103.078, 101.518, 101.242, 112.539, 104.403, 102.786, 62.9682, 59.0931, 68.2642, 273.98, 283.623, 270.44, 191.951, 195.849, 193.217, 156.339, 169.009, 157.115, 136.821, 147.323, 136.033, 311.27, 307.612, 298.304, 67.3573, 55.7853, 55.0818, 125.399, 124.342, 126.479, 195.151, 182.543, 183.412, 120.503, 121.116, 107.564, 72.0902, 67.7791, 60.5392, 103.73, 101.533, 112.294, 159.239, 151.476, 148.125, 130.679, 134.183, 126.4, 87.3613, 87.3613, 90.5207, 67.3573, 81.3449, 78.2432, 84.2199, 86.5332, 88.1022, 39.8246, 32.7567, 41.1096, 7.28011, 7.07107, 7.28011, 93.5361, 89.627, 93.7443, 269.072, 266.177, 256.628],
[50.01, 239.209, 146.697, 284.628, 44.1814, 217.559, 23.3238, 47.927, 92.1954, 73, 56.7274, 70.7248, 48.3839, 199.003, 245.491, 207.183, 57.2014, 227.055, 68.4105, 151.921, 197.19, 130.25, 106.921, 137.295, 211.436, 150.722, 76.531, 101.868, 127.346, 105.119, 87.4643, 0, 184.011, 246.13, 244.461, 246.13, 150.765, 146.54, 149.883, 278.649, 284.1, 277.346, 41.2311, 48.0416, 36.2215, 211.149, 224.397, 221.472, 28.7924, 28.4605, 16.4012, 54.0833, 55.1543, 50.9608, 88.6002, 95.2943, 89.5377, 80.1561, 79.6492, 67.0075, 61.0328, 54.9181, 64.0312, 67.1193, 71.0634, 66.2193, 54.8179, 51.788, 41.1096, 194.126, 204.088, 192.01, 241.63, 241.282, 239.401, 203.303, 214.462, 204.267, 51.0882, 63.5138, 50.448, 233, 229.009, 221.145, 66.9104, 62.6259, 63.9062, 154.548, 152.712, 156.387, 204.24, 190.032, 195.064, 131.229, 132.925, 125.22, 106.099, 101.607, 106.231, 139.176, 130.035, 138.924, 217.938, 206.167, 206.642, 148.718, 153.183, 153.026, 69.5845, 69.5845, 71.0211, 100.881, 105.721, 109.142, 122.528, 120.075, 129.12, 100.975, 106.738, 102.956, 89.627, 94.3398, 92.5905, 7, 7.28011, 7.61577, 189.13, 188.043, 178.011],
[191.126, 56.2939, 281.887, 440.868, 140.129, 299.827, 204.48, 228.965, 270.407, 243.387, 224.771, 230.17, 230.367, 15.0333, 424.643, 386.529, 156.32, 43.566, 213.138, 330.121, 356.976, 304.179, 290.248, 316.218, 394.143, 324.982, 191.596, 231.225, 247.477, 287.92, 263.23, 184.011, 0, 62.8013, 62.3618, 62.8013, 288.531, 277.218, 288.064, 434.079, 438.412, 433.254, 144.499, 136, 148.122, 292.746, 304.174, 306.884, 211.341, 211.287, 197.365, 235.85, 236.123, 233.549, 268.57, 271.428, 269.564, 250.05, 250.639, 240.187, 224.199, 218.477, 229.085, 223.394, 235.053, 230.489, 237.304, 235.104, 223.271, 11.1803, 20.3961, 8.94427, 421.584, 419.577, 418.073, 383.541, 393.754, 384.532, 155.467, 157.487, 156.438, 49.0408, 45, 38.3275, 206.516, 213.883, 215.128, 331.296, 329.328, 333.264, 363.431, 349.954, 357.393, 302.736, 304.685, 300.885, 288.626, 284.45, 290.043, 319.39, 309.006, 316.304, 400.91, 388.491, 389.74, 321.174, 325.523, 328.897, 188.854, 188.854, 186.462, 236.282, 229.009, 236.144, 247.97, 242.244, 253.527, 284.45, 288.564, 286.447, 262.612, 269.072, 269.78, 177.011, 186.067, 181.069, 7.07107, 7.2111, 7.2111],
[253.718, 7.28011, 333.88, 501.774, 202.04, 352.363, 266.03, 290.209, 333.191, 306.165, 287.559, 292.77, 292.904, 47.8539, 487.444, 449.329, 218.769, 19.2354, 270.296, 392.922, 418.703, 366.935, 352.687, 379.012, 456.755, 387.723, 246.562, 284.923, 298.464, 349.242, 323.125, 246.13, 62.8013, 0, 7.28011, 0, 340.755, 328.539, 340.389, 494.923, 499.096, 494.159, 206.01, 198.252, 210.038, 345.468, 356.093, 359.68, 273.007, 273.002, 259.008, 297.168, 297.284, 295.061, 331.303, 334.229, 332.297, 312.808, 313.413, 302.988, 286.923, 281.233, 291.822, 285.96, 297.741, 293.205, 299.808, 297.486, 285.773, 54.1202, 44.2719, 54.3323, 484.381, 482.37, 480.871, 446.327, 456.554, 447.318, 218.124, 219.641, 219.1, 15.2643, 19.7231, 25, 263.463, 271.827, 272.998, 394.088, 392.119, 396.057, 425.067, 411.733, 419.335, 365.422, 367.376, 363.676, 351.199, 346.975, 352.319, 382.154, 371.797, 379.104, 463.479, 451.151, 452.28, 383.861, 388.197, 391.675, 244.724, 244.724, 242.074, 290.642, 281.853, 289.116, 299.902, 293.956, 304.926, 346.052, 349.573, 348.052, 322.02, 328.694, 329.862, 239.134, 248.453, 243.463, 58.9406, 58.1378, 68.2642],
