/*********************************************
 * OPL 12.8.0.0 Model
 * Author: sebashc
 * Creation Date: 18/05/2018 at 4:11:38 p. m.
 *********************************************/
 execute
{
cplex.tilim=3000;
cplex.epgap=0.01;
} 
 
/***Constants***/
int depots=1; // Number of depots
int positions=60; // Number of current positions + (current positions + posibles positions)
int currentPositions=15; // Current positions
int vehicles=3; // Number of vehicles
int maxCompartments=153; // Number of max compartments of the vehicle

/***Sets***/
range D=1..depots; // Set of depots
range V=1..depots+positions; // Set of vertices
range S=depots+1..depots+positions; // Set of current positions + posibles positions
range A=depots+1..depots+currentPositions; // Set of current positions
range K=1..vehicles; // Set of vehicles
range M=1..maxCompartments; // Set of posibles configurations of compartments

/***Parametres***/
float c[V][V]=
[[0, 13.8924, 21.0238, 32.5576, 17.2047, 14.1421, 11.4018, 26.4197, 22.0227, 23.0868, 28.3196, 12.0416, 8.06226, 29.1548, 18.1108, 24.7386, 11.7047, 16.6433, 13.6015, 23.7697, 24.5967, 18.0278, 32.5576, 35.3553, 36.1248, 18.3848, 16.2788, 15.6525, 13.0384, 16.4012, 11.3137, 9.21954, 8.06226, 13.8924, 25.0799, 29.0689, 26.4008, 22.0907, 25.02, 20.2237, 25.632, 19.6469, 23.2594, 26.1725, 26.9072, 31.241, 13.6015, 14.3178, 15.0333, 11.0454, 5.83095, 8.94427, 26.4197, 29.2062, 27.8029, 18.6815, 16.4924, 18.6815, 23.7697, 27.4591, 24.6982],
[13.8924, 0, 12.3693, 19.2094, 31.0644, 22.2036, 16.7631, 22.8254, 11.6619, 24.2074, 34.0147, 12.083, 20.8806, 41.8688, 26.9258, 36.0139, 3.16228, 2.82843, 3.16228, 15.2971, 15.0333, 11.6619, 19.7231, 22.2036, 22.6716, 32.0156, 29.8329, 29.5296, 23, 22.8035, 20.025, 13.9284, 16.1245, 19.6469, 20.2485, 24.4131, 24.6982, 13.4536, 14.3178, 8.94427, 27.0185, 20.8087, 26.0768, 32.8938, 33.8378, 36.2353, 10, 11.4018, 15.2643, 24.3516, 17.4642, 20.2237, 39.0512, 42.4264, 41.0122, 25.9615, 24.3516, 25.9615, 34.0588, 39.0512, 35.0571],
[21.0238, 12.3693, 0, 15.2971, 37.0135, 21.0238, 28.0713, 34.9285, 22.2036, 16.2788, 28.0713, 10.6301, 24.7588, 50.1199, 37.6563, 35.4683, 15.1327, 11.1803, 15.5242, 3, 3.60555, 3.60555, 13.9284, 17.088, 18.6815, 38.833, 36.8917, 34.7131, 23.3238, 19.9249, 20.2485, 25.0799, 26.4764, 31.0644, 32.2025, 36.2353, 37, 24.6982, 24.0832, 19.4165, 18.6815, 14, 19.105, 28.0179, 29.0172, 29.4279, 7.81025, 7.81025, 10.7703, 28.2843, 21.2603, 22.6716, 47.4131, 49.93, 48.5489, 37.2156, 35.3553, 37.2156, 32.573, 38.6264, 33.5261],
[32.5576, 19.2094, 15.2971, 0, 49.679, 36.0555, 35.3553, 35.0143, 21.095, 31, 43.0116, 25.0799, 38.2753, 61.0737, 45.6508, 50.5964, 22.2036, 16.4012, 21.095, 15, 13, 18.6815, 2.82843, 3.16228, 3.60555, 50.9313, 48.7955, 47.8017, 38.0789, 35.171, 34.9285, 32.7567, 35.2278, 38.0132, 32.0156, 35.0571, 38.1182, 24.0832, 21.0238, 19.4165, 33.0606, 29.1548, 34.0147, 43.1856, 44.1814, 44.0454, 21.9317, 22.4722, 25.9615, 41.8808, 34.6699, 36.7151, 58.258, 61.5549, 60.1415, 44.2832, 42.9418, 44.2832, 47.8017, 53.7587, 48.7647],
[17.2047, 31.0644, 37.0135, 49.679, 0, 20.3961, 21.0238, 37.1214, 37.6431, 32.7567, 31.4006, 26.6271, 12.53, 15.0333, 17.8885, 18.868, 28.6531, 33.8378, 30.4138, 39.4081, 40.6079, 33.6006, 49.5177, 52.4023, 53.2635, 3.16228, 3.60555, 3, 17.2627, 23.3452, 18.9737, 21.3776, 18.2483, 21.095, 37, 40.1123, 35.5106, 36.8782, 40.5216, 36.4006, 34.3657, 30.3645, 31.257, 28.4429, 28.6356, 34.5254, 29.2062, 29.4109, 28.178, 9.48683, 15.8114, 15.2315, 13.0384, 13.6015, 12.3693, 20.6155, 18.9737, 20.6155, 20.6155, 19.8494, 21.0238],
[14.1421, 22.2036, 21.0238, 36.0555, 20.3961, 0, 25.4951, 40.2244, 33.2415, 12.3693, 14.2127, 11.1803, 9.21954, 35.3553, 30.4631, 14.5602, 21.8403, 24.0208, 23.7697, 22.4722, 24.1868, 17.4642, 34.9285, 38.0789, 39.5601, 23.1948, 22.0227, 17.4642, 3.16228, 3, 2.82843, 23.3452, 22.0227, 27.8029, 38.5876, 42.72, 40.4599, 34.176, 36.1386, 30.8058, 14.0357, 10.2956, 11, 12.0416, 12.8062, 17.2047, 14.3178, 13.6015, 10.2956, 11.0454, 8.60233, 6.32456, 33.1361, 33.9559, 32.7567, 31.7648, 29.5296, 31.7648, 12.0416, 17.72, 13.0384],
[11.4018, 16.7631, 28.0713, 35.3553, 21.0238, 25.4951, 0, 16.4924, 18.0278, 34.0147, 39.6989, 21.8403, 18.0278, 27.2029, 10.2956, 34.4384, 13.6015, 19.3132, 14.3178, 31.0644, 31.257, 26.0192, 36.2491, 38.4708, 38.5876, 20.3961, 18.2483, 21.095, 24.0832, 27.8029, 22.6716, 3, 3.60555, 3, 16.0312, 19.4165, 15.6525, 16.5529, 20.5913, 17.6918, 36.6742, 30.4631, 34.4819, 37.4833, 38.1838, 42.638, 22.2036, 23.3452, 25.2982, 19.6977, 16.9706, 19.8494, 24.4131, 28.6531, 27.2947, 9.21954, 7.61577, 9.21954, 34.1321, 36.7696, 34.9857],
[26.4197, 22.8254, 34.9285, 35.0143, 37.1214, 40.2244, 16.4924, 0, 14.0357, 46.0977, 54.037, 33.3017, 34.0147, 39.8497, 21.587, 50.6952, 20.8087, 23.7697, 19.7231, 37.6962, 37, 34.4819, 37.0135, 38.0526, 37.2156, 36, 34.0147, 37.4833, 39.4462, 42.0119, 37.4433, 17.4642, 19.9249, 16.0312, 3, 3, 3.60555, 11.0454, 14.1421, 16.2788, 48.9183, 42.5206, 47.3814, 52.2015, 53.0094, 56.7274, 32.2025, 33.6006, 36.8782, 36.0555, 32.249, 35.3553, 37.3631, 42.2019, 41, 18.6815, 19.2354, 18.6815, 50.0899, 53.1413, 50.9902],
[22.0227, 11.6619, 22.2036, 21.095, 37.6431, 33.2415, 18.0278, 14.0357, 0, 35.805, 45.618, 23.7065, 30, 45.2217, 27.5862, 46.2709, 11.4018, 11.3137, 9.48683, 24.6982, 23.7065, 22.6274, 23, 24.1868, 23.5372, 37.6962, 35.4683, 36.8782, 33.541, 34.176, 30.8058, 16.5529, 19.6977, 19.8494, 11.0454, 14.5602, 17.0294, 3, 3, 2.82843, 38.6005, 32.45, 37.7359, 44.3847, 45.31, 47.8853, 21.6333, 23.0217, 26.9258, 33.0606, 27.074, 30.1496, 42.4382, 46.6476, 45.2769, 25.4951, 24.7588, 25.4951, 44.7214, 49.163, 45.7056],
[23.0868, 24.2074, 16.2788, 31, 32.7567, 12.3693, 34.0147, 46.0977, 35.805, 0, 12.0416, 12.8062, 21.0238, 47.676, 41, 23.3452, 25.4558, 24.6982, 26.9072, 16, 18, 13.9284, 29.0689, 32.1403, 34.0588, 35.5106, 34.2345, 29.8329, 15.5242, 9.48683, 14.0357, 31.305, 31.0161, 36.7696, 43.8634, 48.1041, 47.2017, 37.6431, 38.2753, 33.0151, 2.82843, 3.60555, 3.16228, 12.6491, 13.6015, 13.1529, 14.2127, 12.8062, 9.21954, 23.3452, 19.105, 18.0278, 45.3982, 46.3249, 45.1221, 41.7612, 39.5601, 41.7612, 19.8494, 26.2488, 20.6155],
[28.3196, 34.0147, 28.0713, 43.0116, 31.4006, 14.2127, 39.6989, 54.037, 45.618, 12.0416, 0, 21.9317, 22.8254, 46.1736, 44.2945, 15.8114, 34.4819, 35.1141, 36.2353, 28.0179, 30.0167, 25.318, 41.1096, 44.1814, 46.0977, 34.5254, 33.9559, 28.4429, 16.1245, 12.0416, 17.0294, 37.4833, 36.2353, 42.0119, 52.2015, 56.4004, 54.4885, 47.0106, 48.3322, 42.9535, 10.4403, 14.1421, 9, 3, 3.16228, 3.16228, 24.3516, 23.0868, 18.9737, 23.4094, 22.8035, 20.2485, 44.4072, 44.0114, 43.0465, 45.793, 43.566, 45.793, 12.3693, 17.8885, 12.6491],
[12.0416, 12.083, 10.6301, 25.0799, 26.6271, 11.1803, 21.8403, 33.3017, 23.7065, 12.8062, 21.9317, 0, 14.2127, 40.3113, 30.0167, 25.7099, 12.8062, 13.3417, 14.4222, 12.8062, 14.1421, 7.07107, 24.1868, 27.2947, 28.6356, 28.6531, 26.8328, 24.2074, 13, 11.0454, 9.84886, 18.9737, 19.2354, 24.7386, 31.1127, 35.3553, 34.4093, 25.2389, 26.4008, 21.0238, 15.6205, 9.21954, 14.2127, 20.8806, 21.8403, 24.1868, 3.16228, 2.82843, 3.60555, 17.6918, 10.8167, 12.0416, 37.6962, 39.8246, 38.4708, 30.2655, 28.1603, 30.2655, 23.1948, 28.8617, 24.1868],
[8.06226, 20.8806, 24.7588, 38.2753, 12.53, 9.21954, 18.0278, 34.0147, 30, 21.0238, 22.8254, 14.2127, 0, 26.9258, 21.4709, 16.7631, 19.2354, 23.4094, 21.2132, 27.0185, 28.3196, 21.2603, 37.8021, 40.8044, 41.8808, 14.8661, 13.3417, 10, 6.7082, 12.1655, 7, 16.5529, 14.4222, 19.8494, 32.8938, 36.7696, 33.6155, 30.1496, 33, 28.0713, 23.0217, 18.2483, 20.0998, 20.2485, 20.8087, 25.9422, 16.9706, 17.0294, 15.6525, 3.60555, 3.60555, 3, 24.5153, 26, 24.6982, 23.0217, 20.8087, 23.0217, 16.1245, 19.4165, 17],
[29.1548, 41.8688, 50.1199, 61.0737, 15.0333, 35.3553, 27.2029, 39.8497, 45.2217, 47.676, 46.1736, 40.3113, 26.9258, 0, 18.3848, 32.28, 38.9487, 44.6878, 40.3113, 52.7731, 53.7122, 46.9574, 61.4003, 64.0312, 64.5368, 12.1655, 13.6015, 18.0278, 32.249, 38.3275, 33.7343, 29.0689, 26.1725, 25.5539, 40.8534, 42.72, 37.108, 43.566, 47.7074, 44.8219, 49.366, 45.1221, 46.2709, 43.1856, 43.2897, 49.2544, 42.4853, 42.9535, 42.3792, 24.3311, 29.7321, 29.8329, 2.82843, 3.60555, 3.60555, 21.1896, 21.0238, 21.1896, 34.7131, 32.311, 34.9285],
[18.1108, 26.9258, 37.6563, 45.6508, 17.8885, 30.4631, 10.2956, 21.587, 27.5862, 41, 44.2945, 30.0167, 21.4709, 18.3848, 0, 35.3836, 23.7697, 29.5466, 24.5967, 40.6079, 41, 35.2278, 46.5188, 48.7647, 48.8774, 15.8114, 14.3178, 19.4165, 28.178, 33.2415, 27.8568, 13, 11.1803, 7.81025, 22.4722, 24.5153, 19.105, 25.6125, 29.8329, 27.6586, 43.4166, 37.6563, 40.8044, 41.6773, 42.19, 47.4131, 31.0644, 32.0156, 33.1361, 21.4009, 22.1359, 24.1661, 15.8114, 20.6155, 19.4165, 3, 2.82843, 3, 36.1248, 37.0135, 36.7967],
[24.7386, 36.0139, 35.4683, 50.5964, 18.868, 14.5602, 34.4384, 50.6952, 46.2709, 23.3452, 15.8114, 25.7099, 16.7631, 32.28, 35.3836, 0, 35.0571, 38.1182, 37.054, 36.6742, 38.4838, 31.9531, 49.3964, 52.5547, 54.0833, 21.9545, 22.2036, 16.4012, 13.0384, 15.6525, 16.1245, 33.2415, 30.8707, 35.8469, 49.6488, 53.4883, 50.0899, 46.6905, 49.2544, 44.1022, 23.4307, 23.0217, 20.5183, 13, 12.6491, 18.4391, 28.8617, 28.1603, 24.6982, 14.7648, 19.2354, 16.1245, 31.0161, 29.6142, 28.8617, 37.6431, 35.609, 37.6431, 3.60555, 3.16228, 3.16228],
[11.7047, 3.16228, 15.1327, 22.2036, 28.6531, 21.8403, 13.6015, 20.8087, 11.4018, 25.4558, 34.4819, 12.8062, 19.2354, 38.9487, 23.7697, 35.0571, 0, 5.83095, 2, 18.1108, 18, 13.9284, 22.8254, 25.2389, 25.6125, 29.4109, 27.2029, 27.313, 22.2036, 22.8473, 19.4165, 10.7703, 13.0384, 16.4924, 18.4391, 22.6716, 22.3607, 12.53, 14.3178, 9.05539, 28.2843, 21.9317, 27.0185, 33.1059, 34.0147, 36.8917, 11.4018, 12.8062, 16.2788, 22.561, 16.0312, 19, 36.1248, 39.6232, 38.2099, 22.8035, 21.1896, 22.8035, 33.3766, 38.0132, 34.3657],
[16.6433, 2.82843, 11.1803, 16.4012, 33.8378, 24.0208, 19.3132, 23.7697, 11.3137, 24.6982, 35.1141, 13.3417, 23.4094, 44.6878, 29.5466, 38.1182, 5.83095, 0, 5.09902, 13.9284, 13.3417, 11.3137, 17, 19.4165, 19.8494, 34.8281, 32.6497, 32.249, 25.0799, 24.3311, 22.0227, 16.5529, 18.868, 22.1359, 21.0238, 25.0599, 25.9615, 13.6015, 13.6015, 8.48528, 27.4591, 21.4709, 26.8328, 34.2053, 35.171, 37.1618, 10.7703, 12.083, 16.1555, 26.9258, 19.9249, 22.561, 41.8688, 45.2548, 43.8406, 28.4605, 26.9258, 28.4605, 36, 41.1947, 37],
[13.6015, 3.16228, 15.5242, 21.095, 30.4138, 23.7697, 14.3178, 19.7231, 9.48683, 26.9072, 36.2353, 14.4222, 21.2132, 40.3113, 24.5967, 37.054, 2, 5.09902, 0, 18.4391, 18.1108, 14.7648, 21.9317, 24.1868, 24.4131, 31.0644, 28.8444, 29.1548, 24.1868, 24.6982, 21.3776, 11.6619, 14.2127, 17.088, 17.2047, 21.4009, 21.5407, 10.8167, 12.3693, 7.07107, 29.7321, 23.4307, 28.6007, 34.9285, 35.8469, 38.5876, 12.7279, 14.1421, 17.8045, 24.5153, 18.0278, 21, 37.4833, 41.1096, 39.6989, 23.4094, 21.9317, 23.4094, 35.3553, 40.0125, 36.3456],
[23.7697, 15.2971, 3, 15, 39.4081, 22.4722, 31.0644, 37.6962, 24.6982, 16, 28.0179, 12.8062, 27.0185, 52.7731, 40.6079, 36.6742, 18.1108, 13.9284, 18.4391, 0, 2, 5.83095, 13.1529, 16.2788, 18.1108, 41.3401, 39.4462, 37.0135, 25, 21.0238, 22.0227, 28.0713, 29.4279, 34.0588, 34.9285, 38.9102, 39.8497, 27.2947, 26.4008, 21.9545, 18.1108, 14.3178, 19.0263, 28.2843, 29.2746, 29.0689, 10.2956, 10, 12.2066, 30.4795, 23.6008, 24.7588, 50.0899, 52.4786, 51.1077, 40.1995, 38.3275, 40.1995, 33.6155, 39.8121, 34.5398],
[24.5967, 15.0333, 3.60555, 13, 40.6079, 24.1868, 31.257, 37, 23.7065, 18, 30.0167, 14.1421, 28.3196, 53.7122, 41, 38.4838, 18, 13.3417, 18.1108, 2, 0, 7.07107, 11.1803, 14.3178, 16.1245, 42.4382, 40.4969, 38.2884, 26.6271, 22.8473, 23.6008, 28.2843, 29.8329, 34.2345, 34.176, 38.0789, 39.2938, 26.4008, 25.2389, 21.0238, 20.0998, 16.2788, 21.0238, 30.2655, 31.257, 31.0644, 11.4018, 11.3137, 13.8924, 31.8277, 24.8395, 26.1725, 51, 53.535, 52.1536, 40.4475, 38.6394, 40.4475, 35.4683, 41.6293, 36.4006],
[18.0278, 11.6619, 3.60555, 18.6815, 33.6006, 17.4642, 26.0192, 34.4819, 22.6274, 13.9284, 25.318, 7.07107, 21.2603, 46.9574, 35.2278, 31.9531, 13.9284, 11.3137, 14.7648, 5.83095, 7.07107, 0, 17.4642, 20.6155, 22.1359, 35.5106, 33.6155, 31.241, 19.7231, 16.4924, 16.6433, 23.0217, 24.0832, 29.0172, 31.9061, 36.0555, 36.2491, 24.8395, 24.8395, 19.799, 16.5529, 11.1803, 16.4924, 25.02, 26.0192, 26.9258, 4.47214, 4.24264, 7.28011, 24.7588, 17.8045, 19.105, 44.2832, 46.6476, 45.2769, 35.0143, 33.0606, 35.0143, 29.1204, 35.1141, 30.0832],
[32.5576, 19.7231, 13.9284, 2.82843, 49.5177, 34.9285, 36.2491, 37.0135, 23, 29.0689, 41.1096, 24.1868, 37.8021, 61.4003, 46.5188, 49.3964, 22.8254, 17, 21.9317, 13.1529, 11.1803, 17.4642, 0, 3.16228, 5, 50.9313, 48.8365, 47.5079, 37.1214, 33.8378, 34, 33.541, 35.8469, 39, 34.0147, 37.2156, 40.0125, 26, 23.1948, 21.095, 31, 27.4591, 32.1403, 41.4367, 42.4264, 42, 21.095, 21.4709, 24.6982, 41.4005, 34.2053, 36.0555, 58.6003, 61.7171, 60.3075, 45.31, 43.8634, 45.31, 46.4866, 52.5547, 47.4342],
[35.3553, 22.2036, 17.088, 3.16228, 52.4023, 38.0789, 38.4708, 38.0526, 24.1868, 32.1403, 44.1814, 27.2947, 40.8044, 64.0312, 48.7647, 52.5547, 25.2389, 19.4165, 24.1868, 16.2788, 14.3178, 20.6155, 3.16228, 0, 2.23607, 53.7401, 51.6236, 50.448, 40.2492, 37, 37.1214, 35.8469, 38.2753, 41.1461, 35.0571, 38.0132, 41.1947, 27.1662, 24, 22.561, 34.0147, 30.5941, 35.2278, 44.5533, 45.5412, 45.0111, 24.1868, 24.5967, 27.8568, 44.4072, 37.2022, 39.1152, 61.2209, 64.4438, 63.0317, 47.4236, 46.0652, 47.4236, 49.6488, 55.7136, 50.5964],
[36.1248, 22.6716, 18.6815, 3.60555, 53.2635, 39.5601, 38.5876, 37.2156, 23.5372, 34.0588, 46.0977, 28.6356, 41.8808, 64.5368, 48.8774, 54.0833, 25.6125, 19.8494, 24.4131, 18.1108, 16.1245, 22.1359, 5, 2.23607, 0, 54.4885, 52.345, 51.4004, 41.6293, 38.6005, 38.4838, 36.0555, 38.6005, 41.1825, 34.2345, 37.0135, 40.4475, 26.4764, 23.0868, 22.1359, 36, 32.3883, 37.1214, 46.3897, 47.3814, 47, 25.4951, 26, 29.4109, 45.4863, 38.2753, 40.3113, 61.7171, 65.0692, 63.6553, 47.4131, 46.1411, 47.4131, 51.2445, 57.2451, 52.2015],
[18.3848, 32.0156, 38.833, 50.9313, 3.16228, 23.1948, 20.3961, 36, 37.6962, 35.5106, 34.5254, 28.6531, 14.8661, 12.1655, 15.8114, 21.9545, 29.4109, 34.8281, 31.0644, 41.3401, 42.4382, 35.5106, 50.9313, 53.7401, 54.4885, 0, 2.23607, 6.08276, 20.0998, 26.1725, 21.587, 21.1896, 18.0278, 20.025, 36.1248, 39, 34.1321, 36.6879, 40.4969, 36.6742, 37.2156, 32.9848, 34.1321, 31.5753, 31.7805, 37.6563, 31.0644, 31.3847, 30.4631, 12.1655, 17.8885, 17.72, 10, 11.1803, 9.84886, 18.6815, 17.2627, 18.6815, 23.7697, 22.8035, 24.1661],
[16.2788, 29.8329, 36.8917, 48.7955, 3.60555, 22.0227, 18.2483, 34.0147, 35.4683, 34.2345, 33.9559, 26.8328, 13.3417, 13.6015, 14.3178, 22.2036, 27.2029, 32.6497, 28.8444, 39.4462, 40.4969, 33.6155, 48.8365, 51.6236, 52.345, 2.23607, 0, 5.83095, 19, 25.02, 20.2237, 18.9737, 15.8114, 18, 34.0588, 37.0135, 32.249, 34.4819, 38.2753, 34.4384, 36.0555, 31.5753, 33.0151, 31.0483, 31.3209, 37.108, 29.1548, 29.5296, 28.7924, 11, 16.1555, 16.2788, 11.1803, 13.0384, 11.6619, 17.088, 15.5242, 17.088, 23.7065, 23.3452, 24.1868],
[15.6525, 29.5296, 34.7131, 47.8017, 3, 17.4642, 21.095, 37.4833, 36.8782, 29.8329, 28.4429, 24.2074, 10, 18.0278, 19.4165, 16.4012, 27.313, 32.249, 29.1548, 37.0135, 38.2884, 31.241, 47.5079, 50.448, 51.4004, 6.08276, 5.83095, 0, 14.3178, 20.3961, 16.1555, 21.0238, 18, 21.587, 37.1214, 40.4475, 36.1386, 36.3456, 39.8121, 35.4401, 31.4006, 27.5136, 28.2843, 25.4951, 25.7099, 31.5753, 26.9072, 27.0185, 25.5539, 6.7082, 13.4536, 12.53, 16.0312, 16.4924, 15.2971, 21.9545, 20.1246, 21.9545, 17.8885, 17.6918, 18.3576],
[13.0384, 23, 23.3238, 38.0789, 17.2627, 3.16228, 24.0832, 39.4462, 33.541, 15.5242, 16.1245, 13, 6.7082, 32.249, 28.178, 13.0384, 22.2036, 25.0799, 24.1868, 25, 26.6271, 19.7231, 37.1214, 40.2492, 41.6293, 20.0998, 19, 14.3178, 0, 6.08276, 3.16228, 22.2036, 20.5183, 26.1725, 38.0132, 42.0595, 39.4081, 34.2053, 36.4966, 31.257, 17.1172, 13.4164, 14.0357, 13.6015, 14.2127, 19.2354, 16.1555, 15.6525, 12.8062, 8, 7.2111, 4.24264, 30.0666, 30.8058, 29.6142, 29.6816, 27.4591, 29.6816, 11.1803, 16.1245, 12.1655],
[16.4012, 22.8035, 19.9249, 35.171, 23.3452, 3, 27.8029, 42.0119, 34.176, 9.48683, 12.0416, 11.0454, 12.1655, 38.3275, 33.2415, 15.6525, 22.8473, 24.3311, 24.6982, 21.0238, 22.8473, 16.4924, 33.8378, 37, 38.6005, 26.1725, 25.02, 20.3961, 6.08276, 0, 5.38516, 25.4951, 24.4131, 30.2324, 40.2244, 44.4072, 42.45, 35.3412, 37, 31.6228, 11.0454, 7.81025, 8, 10.2956, 11.1803, 14.8661, 14, 13.0384, 9.21954, 14.0357, 11.1803, 9.21954, 36.1248, 36.8782, 35.6931, 34.4384, 32.2025, 34.4384, 12.6491, 18.7883, 13.6015],
[11.3137, 20.025, 20.2485, 34.9285, 18.9737, 2.82843, 22.6716, 37.4433, 30.8058, 14.0357, 17.0294, 9.84886, 7, 33.7343, 27.8568, 16.1245, 19.4165, 22.0227, 21.3776, 22.0227, 23.6008, 16.6433, 34, 37.1214, 38.4838, 21.587, 20.2237, 16.1555, 3.16228, 5.38516, 0, 20.5183, 19.2094, 25, 35.8469, 39.9625, 37.6431, 31.6228, 33.7343, 28.4429, 16.0312, 11.4018, 13.1529, 14.8661, 15.6205, 20, 13, 12.53, 9.8995, 9.48683, 5.83095, 4, 31.4006, 32.573, 31.3209, 29.0689, 26.8328, 29.0689, 14.0357, 19.2354, 15.0333],
[9.21954, 13.9284, 25.0799, 32.7567, 21.3776, 23.3452, 3, 17.4642, 16.5529, 31.305, 37.4833, 18.9737, 16.5529, 29.0689, 13, 33.2415, 10.7703, 16.5529, 11.6619, 28.0713, 28.2843, 23.0217, 33.541, 35.8469, 36.0555, 21.1896, 18.9737, 21.0238, 22.2036, 25.4951, 20.5183, 0, 3.16228, 6, 16.4924, 20.2485, 17.2047, 15.5242, 19.3132, 15.8114, 34, 27.7308, 31.9061, 35.3836, 36.1248, 40.3609, 19.2354, 20.3961, 22.4722, 18.6815, 15, 18.0278, 26.2488, 30.2324, 28.8444, 12.1655, 10.4403, 12.1655, 32.6497, 35.7351, 33.541],
[8.06226, 16.1245, 26.4764, 35.2278, 18.2483, 22.0227, 3.60555, 19.9249, 19.6977, 31.0161, 36.2353, 19.2354, 14.4222, 26.1725, 11.1803, 30.8707, 13.0384, 18.868, 14.2127, 29.4279, 29.8329, 24.0832, 35.8469, 38.2753, 38.6005, 18.0278, 15.8114, 18, 20.5183, 24.4131, 19.2094, 3.16228, 0, 5.83095, 19.2354, 22.8035, 19.2354, 18.6815, 22.4722, 18.868, 33.6155, 27.5136, 31.305, 33.9706, 34.6554, 39.2046, 20, 21.0238, 22.561, 16.1555, 13.4536, 16.2788, 23.3452, 27.2029, 25.807, 11.0454, 9, 11.0454, 30.5287, 33.2415, 31.3847],
[13.8924, 19.6469, 31.0644, 38.0132, 21.095, 27.8029, 3, 16.0312, 19.8494, 36.7696, 42.0119, 24.7386, 19.8494, 25.5539, 7.81025, 35.8469, 16.4924, 22.1359, 17.088, 34.0588, 34.2345, 29.0172, 39, 41.1461, 41.1825, 20.025, 18, 21.587, 26.1725, 30.2324, 25, 6, 5.83095, 0, 16.1245, 19.0263, 14.5602, 18.0278, 22.2036, 19.8494, 39.3954, 33.2415, 37.1214, 39.6989, 40.3609, 45, 25.1794, 26.3059, 28.1603, 21.095, 19.2094, 21.9317, 22.8254, 27.313, 26, 6.32456, 5, 6.32456, 35.805, 38.0132, 36.6197],
[25.0799, 20.2485, 32.2025, 32.0156, 37, 38.5876, 16.0312, 3, 11.0454, 43.8634, 52.2015, 31.1127, 32.8938, 40.8534, 22.4722, 49.6488, 18.4391, 21.0238, 17.2047, 34.9285, 34.176, 31.9061, 34.0147, 35.0571, 34.2345, 36.1248, 34.0588, 37.1214, 38.0132, 40.2244, 35.8469, 16.4924, 19.2354, 16.1245, 0, 4.24264, 6.32456, 8.06226, 11.1803, 13.3417, 46.6905, 40.3113, 45.2769, 50.4777, 51.3128, 54.8179, 29.8329, 31.241, 34.6554, 35.171, 30.8707, 34.0147, 38.2753, 43.0116, 41.7612, 19.6977, 19.9249, 19.6977, 48.8467, 52.2015, 49.7695],
[29.0689, 24.4131, 36.2353, 35.0571, 40.1123, 42.72, 19.4165, 3, 14.5602, 48.1041, 56.4004, 35.3553, 36.7696, 42.72, 24.5153, 53.4883, 22.6716, 25.0599, 21.4009, 38.9102, 38.0789, 36.0555, 37.2156, 38.0132, 37.0135, 39, 37.0135, 40.4475, 42.0595, 44.4072, 39.9625, 20.2485, 22.8035, 19.0263, 4.24264, 0, 5.83095, 11.7047, 14.0357, 17.088, 50.9313, 44.5533, 49.5177, 54.6443, 55.4707, 59.0339, 34.0588, 35.4683, 38.8973, 38.8973, 34.8855, 38.0132, 40.2616, 45.1221, 43.9318, 21.587, 22.2036, 21.587, 52.8015, 55.9732, 53.7122],
[26.4008, 24.6982, 37, 38.1182, 35.5106, 40.4599, 15.6525, 3.60555, 17.0294, 47.2017, 54.4885, 34.4093, 33.6155, 37.108, 19.105, 50.0899, 22.3607, 25.9615, 21.5407, 39.8497, 39.2938, 36.2491, 40.0125, 41.1947, 40.4475, 34.1321, 32.249, 36.1386, 39.4081, 42.45, 37.6431, 17.2047, 19.2354, 14.5602, 6.32456, 5.83095, 0, 14.0357, 17.4642, 19.0263, 50, 43.6005, 48.2701, 52.4976, 53.2635, 57.28, 33.6155, 34.9857, 38.0132, 35.3412, 32.2025, 35.2278, 34.7131, 39.6232, 38.4708, 16.1245, 17, 16.1245, 49.7393, 52.3927, 50.6063],
[22.0907, 13.4536, 24.6982, 24.0832, 36.8782, 34.176, 16.5529, 11.0454, 3, 37.6431, 47.0106, 25.2389, 30.1496, 43.566, 25.6125, 46.6905, 12.53, 13.6015, 10.8167, 27.2947, 26.4008, 24.8395, 26, 27.1662, 26.4764, 36.6879, 34.4819, 36.3456, 34.2053, 35.3412, 31.6228, 15.5242, 18.6815, 18.0278, 8.06226, 11.7047, 14.0357, 0, 4.24264, 5.38516, 40.4599, 34.2053, 39.4081, 45.618, 46.5188, 49.3964, 23.4307, 24.8395, 28.6007, 33.0151, 27.4591, 30.5941, 40.8167, 45.1774, 43.8292, 23.3452, 22.8035, 23.3452, 45.3542, 49.4975, 46.3249],
[25.02, 14.3178, 24.0832, 21.0238, 40.5216, 36.1386, 20.5913, 14.1421, 3, 38.2753, 48.3322, 26.4008, 33, 47.7074, 29.8329, 49.2544, 14.3178, 13.6015, 12.3693, 26.4008, 25.2389, 24.8395, 23.1948, 24, 23.0868, 40.4969, 38.2753, 39.8121, 36.4966, 37, 33.7343, 19.3132, 22.4722, 22.2036, 11.1803, 14.0357, 17.4642, 4.24264, 0, 5.38516, 41.0488, 34.9857, 40.3113, 47.1699, 48.1041, 50.5371, 24.1868, 25.5539, 29.5296, 36.0555, 30.0666, 33.1361, 44.9444, 49.2443, 47.8853, 27.5862, 27.0185, 27.5862, 47.676, 52.1536, 48.6621],
[20.2237, 8.94427, 19.4165, 19.4165, 36.4006, 30.8058, 17.6918, 16.2788, 2.82843, 33.0151, 42.9535, 21.0238, 28.0713, 44.8219, 27.6586, 44.1022, 9.05539, 8.48528, 7.07107, 21.9545, 21.0238, 19.799, 21.095, 22.561, 22.1359, 36.6742, 34.4384, 35.4401, 31.257, 31.6228, 28.4429, 15.8114, 18.868, 19.8494, 13.3417, 17.088, 19.0263, 5.38516, 5.38516, 0, 35.805, 29.6816, 34.9857, 41.7852, 42.72, 45.1774, 18.868, 20.2485, 24.1868, 31.257, 25, 28.0179, 42.0119, 46.0435, 44.6542, 25.807, 24.8395, 25.807, 42.4264, 47.0425, 43.4166],
[25.632, 27.0185, 18.6815, 33.0606, 34.3657, 14.0357, 36.6742, 48.9183, 38.6005, 2.82843, 10.4403, 15.6205, 23.0217, 49.366, 43.4166, 23.4307, 28.2843, 27.4591, 29.7321, 18.1108, 20.0998, 16.5529, 31, 34.0147, 36, 37.2156, 36.0555, 31.4006, 17.1172, 11.0454, 16.0312, 34, 33.6155, 39.3954, 46.6905, 50.9313, 50, 40.4599, 41.0488, 35.805, 0, 6.40312, 3.16228, 11.6619, 12.53, 11, 17.0294, 15.6205, 12.0416, 25.0799, 21.3776, 20.025, 47.1699, 47.8539, 46.6905, 44.2719, 42.0595, 44.2719, 19.8494, 26.1725, 20.5183],
[19.6469, 20.8087, 14, 29.1548, 30.3645, 10.2956, 30.4631, 42.5206, 32.45, 3.60555, 14.1421, 9.21954, 18.2483, 45.1221, 37.6563, 23.0217, 21.9317, 21.4709, 23.4307, 14.3178, 16.2788, 11.1803, 27.4591, 30.5941, 32.3883, 32.9848, 31.5753, 27.5136, 13.4164, 7.81025, 11.4018, 27.7308, 27.5136, 33.2415, 40.3113, 44.5533, 43.6005, 34.2053, 34.9857, 29.6816, 6.40312, 0, 5.38516, 14.0357, 15.0333, 15.8114, 10.8167, 9.43398, 5.65685, 20.8806, 16, 15.2971, 42.7551, 43.9659, 42.72, 38.3275, 36.1386, 38.3275, 19.7231, 26.0768, 20.5913],
[23.2594, 26.0768, 19.105, 34.0147, 31.257, 11, 34.4819, 47.3814, 37.7359, 3.16228, 9, 14.2127, 20.0998, 46.2709, 40.8044, 20.5183, 27.0185, 26.8328, 28.6007, 19.0263, 21.0238, 16.4924, 32.1403, 35.2278, 37.1214, 34.1321, 33.0151, 28.2843, 14.0357, 8, 13.1529, 31.9061, 31.305, 37.1214, 45.2769, 49.5177, 48.2701, 39.4081, 40.3113, 34.9857, 3.16228, 5.38516, 0, 9.48683, 10.4403, 10.4403, 16.1245, 14.7648, 10.8167, 22.0227, 18.6815, 17.1172, 44.1022, 44.7214, 43.566, 41.7852, 39.5601, 41.7852, 16.9706, 23.3452, 17.6918],
[26.1725, 32.8938, 28.0179, 43.1856, 28.4429, 12.0416, 37.4833, 52.2015, 44.3847, 12.6491, 3, 20.8806, 20.2485, 43.1856, 41.6773, 13, 33.1059, 34.2053, 34.9285, 28.2843, 30.2655, 25.02, 41.4367, 44.5533, 46.3897, 31.5753, 31.0483, 25.4951, 13.6015, 10.2956, 14.8661, 35.3836, 33.9706, 39.6989, 50.4777, 54.6443, 52.4976, 45.618, 47.1699, 41.7852, 11.6619, 14.0357, 9.48683, 0, 1, 6.08276, 23.5372, 22.3607, 18.2483, 20.6155, 20.5183, 17.8045, 41.4367, 41.0122, 40.05, 43.2666, 41.0488, 43.2666, 9.48683, 15.2643, 9.84886],
[26.9072, 33.8378, 29.0172, 44.1814, 28.6356, 12.8062, 38.1838, 53.0094, 45.31, 13.6015, 3.16228, 21.8403, 20.8087, 43.2897, 42.19, 12.6491, 34.0147, 35.171, 35.8469, 29.2746, 31.257, 26.0192, 42.4264, 45.5412, 47.3814, 31.7805, 31.3209, 25.7099, 14.2127, 11.1803, 15.6205, 36.1248, 34.6554, 40.3609, 51.3128, 55.4707, 53.2635, 46.5188, 48.1041, 42.72, 12.53, 15.0333, 10.4403, 1, 0, 6, 24.5153, 23.3452, 19.2354, 21.0238, 21.2132, 18.4391, 41.5933, 41.0488, 40.1123, 43.8292, 41.6173, 43.8292, 9.21954, 14.7648, 9.48683],
[31.241, 36.2353, 29.4279, 44.0454, 34.5254, 17.2047, 42.638, 56.7274, 47.8853, 13.1529, 3.16228, 24.1868, 25.9422, 49.2544, 47.4131, 18.4391, 36.8917, 37.1618, 38.5876, 29.0689, 31.0644, 26.9258, 42, 45.0111, 47, 37.6563, 37.108, 31.5753, 19.2354, 14.8661, 20, 40.3609, 39.2046, 45, 54.8179, 59.0339, 57.28, 49.3964, 50.5371, 45.1774, 11, 15.8114, 10.4403, 6.08276, 6, 0, 26.4008, 25.0799, 21.0238, 26.5707, 25.807, 23.3238, 47.5184, 47.0425, 46.0977, 48.8774, 46.6476, 48.8774, 15.1327, 20.2485, 15.2971],
[13.6015, 10, 7.81025, 21.9317, 29.2062, 14.3178, 22.2036, 32.2025, 21.6333, 14.2127, 24.3516, 3.16228, 16.9706, 42.4853, 31.0644, 28.8617, 11.4018, 10.7703, 12.7279, 10.2956, 11.4018, 4.47214, 21.095, 24.1868, 25.4951, 31.0644, 29.1548, 26.9072, 16.1555, 14, 13, 19.2354, 20, 25.1794, 29.8329, 34.0588, 33.6155, 23.4307, 24.1868, 18.868, 17.0294, 10.8167, 16.1245, 23.5372, 24.5153, 26.4008, 0, 1.41421, 5.38516, 20.5183, 13.4536, 15, 39.8121, 42.19, 40.8167, 31.0161, 29, 31.0161, 26.3059, 32.0156, 27.2947],
[14.3178, 11.4018, 7.81025, 22.4722, 29.4109, 13.6015, 23.3452, 33.6006, 23.0217, 12.8062, 23.0868, 2.82843, 17.0294, 42.9535, 32.0156, 28.1603, 12.8062, 12.083, 14.1421, 10, 11.3137, 4.24264, 21.4709, 24.5967, 26, 31.3847, 29.5296, 27.0185, 15.6525, 13.0384, 12.53, 20.3961, 21.0238, 26.3059, 31.241, 35.4683, 34.9857, 24.8395, 25.5539, 20.2485, 15.6205, 9.43398, 14.7648, 22.3607, 23.3452, 25.0799, 1.41421, 0, 4.12311, 20.5183, 13.6015, 14.8661, 40.3113, 42.5441, 41.1825, 32.0624, 30.0167, 32.0624, 25.4951, 31.3209, 26.4764],
[15.0333, 15.2643, 10.7703, 25.9615, 28.178, 10.2956, 25.2982, 36.8782, 26.9258, 9.21954, 18.9737, 3.60555, 15.6525, 42.3792, 33.1361, 24.6982, 16.2788, 16.1555, 17.8045, 12.2066, 13.8924, 7.28011, 24.6982, 27.8568, 29.4109, 30.4631, 28.7924, 25.5539, 12.8062, 9.21954, 9.8995, 22.4722, 22.561, 28.1603, 34.6554, 38.8973, 38.0132, 28.6007, 29.5296, 24.1868, 12.0416, 5.65685, 10.8167, 18.2483, 19.2354, 21.0238, 5.38516, 4.12311, 0, 18.868, 12.6491, 13.0384, 39.8497, 41.6293, 40.3113, 33.541, 31.4006, 33.541, 21.8403, 27.8568, 22.8035],
[11.0454, 24.3516, 28.2843, 41.8808, 9.48683, 11.0454, 19.6977, 36.0555, 33.0606, 23.3452, 23.4094, 17.6918, 3.60555, 24.3311, 21.4009, 14.7648, 22.561, 26.9258, 24.5153, 30.4795, 31.8277, 24.7588, 41.4005, 44.4072, 45.4863, 12.1655, 11, 6.7082, 8, 14.0357, 9.48683, 18.6815, 16.1555, 21.095, 35.171, 38.8973, 35.3412, 33.0151, 36.0555, 31.257, 25.0799, 20.8806, 22.0227, 20.6155, 21.0238, 26.5707, 20.5183, 20.5183, 18.868, 0, 7.2111, 5.83095, 22.0907, 23.0868, 21.8403, 23.3452, 21.2132, 23.3452, 14.8661, 17.088, 15.6205],
[5.83095, 17.4642, 21.2603, 34.6699, 15.8114, 8.60233, 16.9706, 32.249, 27.074, 19.105, 22.8035, 10.8167, 3.60555, 29.7321, 22.1359, 19.2354, 16.0312, 19.9249, 18.0278, 23.6008, 24.8395, 17.8045, 34.2053, 37.2022, 38.2753, 17.8885, 16.1555, 13.4536, 7.2111, 11.1803, 5.83095, 15, 13.4536, 19.2094, 30.8707, 34.8855, 32.2025, 27.4591, 30.0666, 25, 21.3776, 16, 18.6815, 20.5183, 21.2132, 25.807, 13.4536, 13.6015, 12.6491, 7.2111, 0, 3.16228, 27.2029, 29.0689, 27.7308, 23.2594, 21.0238, 23.2594, 18.0278, 22.0907, 18.9737],
[8.94427, 20.2237, 22.6716, 36.7151, 15.2315, 6.32456, 19.8494, 35.3553, 30.1496, 18.0278, 20.2485, 12.0416, 3, 29.8329, 24.1661, 16.1245, 19, 22.561, 21, 24.7588, 26.1725, 19.105, 36.0555, 39.1152, 40.3113, 17.72, 16.2788, 12.53, 4.24264, 9.21954, 4, 18.0278, 16.2788, 21.9317, 34.0147, 38.0132, 35.2278, 30.5941, 33.1361, 28.0179, 20.025, 15.2971, 17.1172, 17.8045, 18.4391, 23.3238, 15, 14.8661, 13.0384, 5.83095, 3.16228, 0, 27.4591, 28.7924, 27.5136, 25.5539, 23.3238, 25.5539, 14.8661, 19.0263, 15.8114],
[26.4197, 39.0512, 47.4131, 58.258, 13.0384, 33.1361, 24.4131, 37.3631, 42.4382, 45.3982, 44.4072, 37.6962, 24.5153, 2.82843, 15.8114, 31.0161, 36.1248, 41.8688, 37.4833, 50.0899, 51, 44.2832, 58.6003, 61.2209, 61.7171, 10, 11.1803, 16.0312, 30.0666, 36.1248, 31.4006, 26.2488, 23.3452, 22.8254, 38.2753, 40.2616, 34.7131, 40.8167, 44.9444, 42.0119, 47.1699, 42.7551, 44.1022, 41.4367, 41.5933, 47.5184, 39.8121, 40.3113, 39.8497, 22.0907, 27.2029, 27.4591, 0, 5, 4.12311, 18.6815, 18.3848, 18.6815, 33.2415, 31.305, 33.5261],
[29.2062, 42.4264, 49.93, 61.5549, 13.6015, 33.9559, 28.6531, 42.2019, 46.6476, 46.3249, 44.0114, 39.8246, 26, 3.60555, 20.6155, 29.6142, 39.6232, 45.2548, 41.1096, 52.4786, 53.535, 46.6476, 61.7171, 64.4438, 65.0692, 11.1803, 13.0384, 16.4924, 30.8058, 36.8782, 32.573, 30.2324, 27.2029, 27.313, 43.0116, 45.1221, 39.6232, 45.1774, 49.2443, 46.0435, 47.8539, 43.9659, 44.7214, 41.0122, 41.0488, 47.0425, 42.19, 42.5441, 41.6293, 23.0868, 29.0689, 28.7924, 5, 0, 1.41421, 23.5372, 23.0868, 23.5372, 32.249, 29.4109, 32.3883],
[27.8029, 41.0122, 48.5489, 60.1415, 12.3693, 32.7567, 27.2947, 41, 45.2769, 45.1221, 43.0465, 38.4708, 24.6982, 3.60555, 19.4165, 28.8617, 38.2099, 43.8406, 39.6989, 51.1077, 52.1536, 45.2769, 60.3075, 63.0317, 63.6553, 9.84886, 11.6619, 15.2971, 29.6142, 35.6931, 31.3209, 28.8444, 25.807, 26, 41.7612, 43.9318, 38.4708, 43.8292, 47.8853, 44.6542, 46.6905, 42.72, 43.566, 40.05, 40.1123, 46.0977, 40.8167, 41.1825, 40.3113, 21.8403, 27.7308, 27.5136, 4.12311, 1.41421, 0, 22.3607, 21.8403, 22.3607, 31.4006, 28.7924, 31.5753],
[18.6815, 25.9615, 37.2156, 44.2832, 20.6155, 31.7648, 9.21954, 18.6815, 25.4951, 41.7612, 45.793, 30.2655, 23.0217, 21.1896, 3, 37.6431, 22.8035, 28.4605, 23.4094, 40.1995, 40.4475, 35.0143, 45.31, 47.4236, 47.4131, 18.6815, 17.088, 21.9545, 29.6816, 34.4384, 29.0689, 12.1655, 11.0454, 6.32456, 19.6977, 21.587, 16.1245, 23.3452, 27.5862, 25.807, 44.2719, 38.3275, 41.7852, 43.2666, 43.8292, 48.8774, 31.0161, 32.0624, 33.541, 23.3452, 23.2594, 25.5539, 18.6815, 23.5372, 22.3607, 0, 2.23607, 0, 38.1838, 39.4081, 38.8973],
[16.4924, 24.3516, 35.3553, 42.9418, 18.9737, 29.5296, 7.61577, 19.2354, 24.7588, 39.5601, 43.566, 28.1603, 20.8087, 21.0238, 2.82843, 35.609, 21.1896, 26.9258, 21.9317, 38.3275, 38.6394, 33.0606, 43.8634, 46.0652, 46.1411, 17.2627, 15.5242, 20.1246, 27.4591, 32.2025, 26.8328, 10.4403, 9, 5, 19.9249, 22.2036, 17, 22.8035, 27.0185, 24.8395, 42.0595, 36.1386, 39.5601, 41.0488, 41.6173, 46.6476, 29, 30.0167, 31.4006, 21.2132, 21.0238, 23.3238, 18.3848, 23.0868, 21.8403, 2.23607, 0, 2.23607, 36.0694, 37.4433, 36.7967],
[18.6815, 25.9615, 37.2156, 44.2832, 20.6155, 31.7648, 9.21954, 18.6815, 25.4951, 41.7612, 45.793, 30.2655, 23.0217, 21.1896, 3, 37.6431, 22.8035, 28.4605, 23.4094, 40.1995, 40.4475, 35.0143, 45.31, 47.4236, 47.4131, 18.6815, 17.088, 21.9545, 29.6816, 34.4384, 29.0689, 12.1655, 11.0454, 6.32456, 19.6977, 21.587, 16.1245, 23.3452, 27.5862, 25.807, 44.2719, 38.3275, 41.7852, 43.2666, 43.8292, 48.8774, 31.0161, 32.0624, 33.541, 23.3452, 23.2594, 25.5539, 18.6815, 23.5372, 22.3607, 0, 2.23607, 0, 38.1838, 39.4081, 38.8973],
[23.7697, 34.0588, 32.573, 47.8017, 20.6155, 12.0416, 34.1321, 50.0899, 44.7214, 19.8494, 12.3693, 23.1948, 16.1245, 34.7131, 36.1248, 3.60555, 33.3766, 36, 35.3553, 33.6155, 35.4683, 29.1204, 46.4866, 49.6488, 51.2445, 23.7697, 23.7065, 17.8885, 11.1803, 12.6491, 14.0357, 32.6497, 30.5287, 35.805, 48.8467, 52.8015, 49.7393, 45.3542, 47.676, 42.4264, 19.8494, 19.7231, 16.9706, 9.48683, 9.21954, 15.1327, 26.3059, 25.4951, 21.8403, 14.8661, 18.0278, 14.8661, 33.2415, 32.249, 31.4006, 38.1838, 36.0694, 38.1838, 0, 6.40312, 1],
[27.4591, 39.0512, 38.6264, 53.7587, 19.8494, 17.72, 36.7696, 53.1413, 49.163, 26.2488, 17.8885, 28.8617, 19.4165, 32.311, 37.0135, 3.16228, 38.0132, 41.1947, 40.0125, 39.8121, 41.6293, 35.1141, 52.5547, 55.7136, 57.2451, 22.8035, 23.3452, 17.6918, 16.1245, 18.7883, 19.2354, 35.7351, 33.2415, 38.0132, 52.2015, 55.9732, 52.3927, 49.4975, 52.1536, 47.0425, 26.1725, 26.0768, 23.3452, 15.2643, 14.7648, 20.2485, 32.0156, 31.3209, 27.8568, 17.088, 22.0907, 19.0263, 31.305, 29.4109, 28.7924, 39.4081, 37.4433, 39.4081, 6.40312, 0, 5.65685],
[24.6982, 35.0571, 33.5261, 48.7647, 21.0238, 13.0384, 34.9857, 50.9902, 45.7056, 20.6155, 12.6491, 24.1868, 17, 34.9285, 36.7967, 3.16228, 34.3657, 37, 36.3456, 34.5398, 36.4006, 30.0832, 47.4342, 50.5964, 52.2015, 24.1661, 24.1868, 18.3576, 12.1655, 13.6015, 15.0333, 33.541, 31.3847, 36.6197, 49.7695, 53.7122, 50.6063, 46.3249, 48.6621, 43.4166, 20.5183, 20.5913, 17.6918, 9.84886, 9.48683, 15.2971, 27.2947, 26.4764, 22.8035, 15.6205, 18.9737, 15.8114, 33.5261, 32.3883, 31.5753, 38.8973, 36.7967, 38.8973, 1, 5.65685, 0]
];

float o=2;

int P[A][S]=
[[1,0,0,0,0,0,0,0,0,0,0,0,0,0,0,1,1,1,0,0,0,0,0,0,0,0,0,0,0,0,0,0,0,0,0,0,0,0,0,0,0,0,0,0,0,0,0,0,0,0,0,0,0,0,0,0,0,0,0,0],
[0,1,0,0,0,0,0,0,0,0,0,0,0,0,0,0,0,0,1,1,1,0,0,0,0,0,0,0,0,0,0,0,0,0,0,0,0,0,0,0,0,0,0,0,0,0,0,0,0,0,0,0,0,0,0,0,0,0,0,0],
[0,0,1,0,0,0,0,0,0,0,0,0,0,0,0,0,0,0,0,0,0,1,1,1,0,0,0,0,0,0,0,0,0,0,0,0,0,0,0,0,0,0,0,0,0,0,0,0,0,0,0,0,0,0,0,0,0,0,0,0],
[0,0,0,1,0,0,0,0,0,0,0,0,0,0,0,0,0,0,0,0,0,0,0,0,1,1,1,0,0,0,0,0,0,0,0,0,0,0,0,0,0,0,0,0,0,0,0,0,0,0,0,0,0,0,0,0,0,0,0,0],
[0,0,0,0,1,0,0,0,0,0,0,0,0,0,0,0,0,0,0,0,0,0,0,0,0,0,0,1,1,1,0,0,0,0,0,0,0,0,0,0,0,0,0,0,0,0,0,0,0,0,0,0,0,0,0,0,0,0,0,0],
[0,0,0,0,0,1,0,0,0,0,0,0,0,0,0,0,0,0,0,0,0,0,0,0,0,0,0,0,0,0,1,1,1,0,0,0,0,0,0,0,0,0,0,0,0,0,0,0,0,0,0,0,0,0,0,0,0,0,0,0],
[0,0,0,0,0,0,1,0,0,0,0,0,0,0,0,0,0,0,0,0,0,0,0,0,0,0,0,0,0,0,0,0,0,1,1,1,0,0,0,0,0,0,0,0,0,0,0,0,0,0,0,0,0,0,0,0,0,0,0,0],
[0,0,0,0,0,0,0,1,0,0,0,0,0,0,0,0,0,0,0,0,0,0,0,0,0,0,0,0,0,0,0,0,0,0,0,0,1,1,1,0,0,0,0,0,0,0,0,0,0,0,0,0,0,0,0,0,0,0,0,0],
[0,0,0,0,0,0,0,0,1,0,0,0,0,0,0,0,0,0,0,0,0,0,0,0,0,0,0,0,0,0,0,0,0,0,0,0,0,0,0,1,1,1,0,0,0,0,0,0,0,0,0,0,0,0,0,0,0,0,0,0],
[0,0,0,0,0,0,0,0,0,1,0,0,0,0,0,0,0,0,0,0,0,0,0,0,0,0,0,0,0,0,0,0,0,0,0,0,0,0,0,0,0,0,1,1,1,0,0,0,0,0,0,0,0,0,0,0,0,0,0,0],
[0,0,0,0,0,0,0,0,0,0,1,0,0,0,0,0,0,0,0,0,0,0,0,0,0,0,0,0,0,0,0,0,0,0,0,0,0,0,0,0,0,0,0,0,0,1,1,1,0,0,0,0,0,0,0,0,0,0,0,0],
[0,0,0,0,0,0,0,0,0,0,0,1,0,0,0,0,0,0,0,0,0,0,0,0,0,0,0,0,0,0,0,0,0,0,0,0,0,0,0,0,0,0,0,0,0,0,0,0,1,1,1,0,0,0,0,0,0,0,0,0],
[0,0,0,0,0,0,0,0,0,0,0,0,1,0,0,0,0,0,0,0,0,0,0,0,0,0,0,0,0,0,0,0,0,0,0,0,0,0,0,0,0,0,0,0,0,0,0,0,0,0,0,1,1,1,0,0,0,0,0,0],
[0,0,0,0,0,0,0,0,0,0,0,0,0,1,0,0,0,0,0,0,0,0,0,0,0,0,0,0,0,0,0,0,0,0,0,0,0,0,0,0,0,0,0,0,0,0,0,0,0,0,0,0,0,0,1,1,1,0,0,0],
[0,0,0,0,0,0,0,0,0,0,0,0,0,0,1,0,0,0,0,0,0,0,0,0,0,0,0,0,0,0,0,0,0,0,0,0,0,0,0,0,0,0,0,0,0,0,0,0,0,0,0,0,0,0,0,0,0,1,1,1]];

int F[K]=[0,0,0]; // Fixed cost of openning a route
int Q[K]=[45000,45000,45000]; // Capacity of the vehicle K
int d[S]=[1050,3480,9000,3825,2565,6678,3080,5706,1680,4200,12513,5711,14810,10630,11448,1050,1050,1050,3480,3480,3480,9000,9000,9000,3825,3825,3825,2565,2565,2565,6678,6678,6678,3080,3080,3080,5706,5706,5706,1680,1680,1680,4200,4200,4200,12513,12513,12513,5711,5711,5711,14810,14810,14810,10630,10630,10630,11448,11448,11448];
//float r[M]=[0.0065359477124183, 0.0130718954248366, 0.0196078431372549, 0.0261437908496732, 0.0326797385620915, 0.0392156862745098, 0.0457516339869281, 0.0522875816993464, 0.0588235294117647, 0.065359477124183, 0.0718954248366013, 0.0784313725490196, 0.0849673202614379, 0.0915032679738562, 0.0980392156862745, 0.104575163398693, 0.111111111111111, 0.117647058823529, 0.124183006535948, 0.130718954248366, 0.137254901960784, 0.143790849673203, 0.150326797385621, 0.156862745098039, 0.163398692810458, 0.169934640522876, 0.176470588235294, 0.183006535947712, 0.189542483660131, 0.196078431372549, 0.202614379084967, 0.209150326797386, 0.215686274509804, 0.222222222222222, 0.22875816993464, 0.235294117647059, 0.241830065359477, 0.248366013071895, 0.254901960784314, 0.261437908496732, 0.26797385620915, 0.274509803921569, 0.281045751633987, 0.287581699346405, 0.294117647058823, 0.300653594771242, 0.30718954248366, 0.313725490196078, 0.320261437908497, 0.326797385620915, 0.333333333333333, 0.339869281045752, 0.34640522875817, 0.352941176470588, 0.359477124183006, 0.366013071895425, 0.372549019607843, 0.379084967320261, 0.38562091503268, 0.392156862745098, 0.398692810457516, 0.405228758169935, 0.411764705882353, 0.418300653594771, 0.42483660130719, 0.431372549019608, 0.437908496732026, 0.444444444444444, 0.450980392156863, 0.457516339869281, 0.464052287581699, 0.470588235294118, 0.477124183006536, 0.483660130718954, 0.490196078431373, 0.496732026143791, 0.503267973856209, 0.509803921568627, 0.516339869281046, 0.522875816993464, 0.529411764705882, 0.535947712418301, 0.542483660130719, 0.549019607843137, 0.555555555555556, 0.562091503267974, 0.568627450980392, 0.57516339869281, 0.581699346405229, 0.588235294117647, 0.594771241830065, 0.601307189542484, 0.607843137254902, 0.61437908496732, 0.620915032679739, 0.627450980392157, 0.633986928104575, 0.640522875816993, 0.647058823529412, 0.65359477124183, 0.660130718954248, 0.666666666666667, 0.673202614379085, 0.679738562091503, 0.686274509803922, 0.69281045751634, 0.699346405228758, 0.705882352941176, 0.712418300653595, 0.718954248366013, 0.725490196078431, 0.73202614379085, 0.738562091503268, 0.745098039215686, 0.751633986928105, 0.758169934640523, 0.764705882352941, 0.77124183006536, 0.777777777777778, 0.784313725490196, 0.790849673202614, 0.797385620915033, 0.803921568627451, 0.810457516339869, 0.816993464052288, 0.823529411764706, 0.830065359477124, 0.836601307189543, 0.843137254901961, 0.849673202614379, 0.856209150326797, 0.862745098039216, 0.869281045751634, 0.875816993464052, 0.882352941176471, 0.888888888888889, 0.895424836601307, 0.901960784313726, 0.908496732026144, 0.915032679738562, 0.92156862745098, 0.928104575163399, 0.934640522875817, 0.941176470588235, 0.947712418300653, 0.954248366013072, 0.96078431372549, 0.967320261437908, 0.973856209150327, 0.980392156862745, 0.986928104575163, 0.993464052287582, 1]; // Relative size of configuration m on vehicle k


/***Varieables***/
dvar boolean x[V][V][K]; // if k goes from i to j
dvar boolean y[A][S]; // if j is relocated from i to j
//dvar boolean u[S][K][M]; // if size m is selected for customer j in vehicle k
dvar boolean z[K][S]; // if the demand of customer j is recolected by k
dvar boolean b[D][S]; // if customer j is assigned to depot i
dvar float kapa[V][K]; // demand recolected in point i

/***Objective function***/
minimize sum(i in A, j in S: i!=j)y[i][j]*o + sum(i in V, j in V, k in K)x[i][j][k]*c[i][j] + sum(i in D, j in S, k in K)F[k]*x[i][j][k];

/***Constraints***/
subject to{

// A customer can only be relocated to a permited position
forall(i in A, j in S)
  y[i][j]<=P[i][j];

// A customer can only be relocated once
forall(i in A)
  sum(j in S)y[i][j]==1;

// A position can only be picked once 
/*forall(j in S)
  sum(i in A)y[i][j]==1;*/

// The vehicle can only move to selected positions
forall(j in S)
  sum(i in V: i!=j,k in K)x[i][j][k]==sum(i in A)y[i][j];

// The vehicle must start his route in a depot  
forall(k in K)
  sum(i in D, j in S)x[i][j][k]==1;

// The vehicle must end his route in a depot  
forall(k in K)
  sum(i in D, j in S)x[j][i][k]==1;

// This constraint links the vehicle route to his depot  
forall(i in D, j in S, k in K)
  sum(u in S)x[i][u][k]+sum(u in V: u!=i)x[u][j][k]<=1+b[i][j];
  
// Continous flow in routing  
forall(i in V, k in K)
  sum(j in V)x[i][j][k]-sum(j in V)x[j][i][k]==0;

// The number of selected compartments cant exceed the number max of compartments
/*
forall(k in K)
  sum(j in S, m in M)u[j][k][m]<=maxCompartments;*/
  
// If a vehicle visite a node, it must pick his demand
forall(j in S, k in K)
  sum(i in V)x[i][j][k]==z[k][j];

// The demand assigned to each vehicle cant exceed his capacity 
/* 
forall(k in K)
  sum(j in S)d[j]*z[k][j]<=Q[k]*sum(m in M, j in S)r[m]*u[j][k][m];
  
