/*********************************************
 * OPL 12.8.0.0 Model
 * Author: sebashc
 * Creation Date: 18/05/2018 at 4:11:38 p. m.
 *********************************************/
 execute
{
cplex.tilim=2400;
cplex.epgap=0.01;
} 
 
/***Constants***/
int depots=1; // Number of depots
int positions=84; // Number of current positions + (current positions + posibles positions)
int currentPositions=21; // Current positions
int vehicles=4; // Number of vehicles
//int maxCompartments=153; // Number of max compartments of the vehicle

/***Sets***/
range D=1..depots; // Set of depots
range V=1..depots+positions; // Set of vertices
range S=depots+1..depots+positions; // Set of current positions + posibles positions
range A=depots+1..depots+currentPositions; // Set of current positions
range K=1..vehicles; // Set of vehicles
//range M=1..maxCompartments; // Set of posibles configurations of compartments

/***Parametres***/
float c[V][V]=
[[0, 49.366, 48.0833, 41.7852, 40.7185, 36.7151, 31.0161, 31.3847, 24.1868, 27.6586, 17.2627, 23.3452, 11.1803, 16.0312, 7.07107, 20.2485, 9.84886, 22.0907, 29.0689, 30.5287, 31.6228, 33.541, 46.3897, 49.0408, 47.0956, 49.0408, 46.8188, 49.98, 44.7772, 39, 41.7612, 40.3113, 41.1825, 40.4969, 34.1321, 37.4433, 38.2753, 32.249, 29.2746, 29.2746, 28.3019, 28.8444, 34, 26.0192, 25, 27.074, 25.4558, 30.4138, 26.9072, 20.2237, 18.0278, 20.0998, 19.799, 21.4009, 20.6155, 11.1803, 8.06226, 8.24621, 16.1245, 15.5242, 14.1421, 4, 4.12311, 10, 17.72, 23.0868, 19.2354, 8.48528, 11.0454, 8.48528, 20.6155, 20.025, 21.587, 27.5862, 27.2029, 26.4008, 29.2062, 27.7849, 32.2025, 32.6956, 28.8617, 30.8058, 31.0483, 30.2655, 32.1403],
[49.366, 0, 8.544, 23.2594, 25.9422, 20.8087, 18.6815, 24.1661, 26.5707, 30.4631, 32.1403, 40.2244, 47.2652, 54.626, 56.2228, 57.4891, 58.8558, 71.1126, 72.1803, 78.1601, 79.1012, 82.8734, 3, 4, 3.60555, 11.4018, 11.1803, 11.1803, 25.2982, 24.6982, 20.1246, 29.5296, 29.0689, 22.8254, 23.3238, 23.4307, 22.6716, 17.1172, 20.0998, 20.0998, 26.5707, 26.9258, 21.4709, 24.0416, 28.178, 23.4094, 33.2415, 30.8869, 34.0147, 29.1548, 32, 29.2746, 40.3113, 42.72, 42.19, 44.1814, 48.0416, 47.0425, 51.8941, 57.0088, 51.0784, 53.3385, 53.2353, 59.3043, 55.109, 58.2409, 59.0339, 56.2939, 60.407, 56.2939, 69.0072, 69.3542, 70.0071, 69.4262, 71.7008, 70.7107, 75.8947, 75.6902, 79.0569, 79.3095, 77.0065, 79.0063, 80.2309, 79.6304, 81.4985],
[48.0833, 8.544, 0, 29.8329, 32.28, 14.5602, 19.8494, 19.105, 27.8029, 25.318, 31.0161, 43.1393, 44.1022, 55.7584, 54.5711, 53.2353, 57.8705, 69.0507, 68.1836, 78, 76.1052, 81.4923, 8, 12.3693, 11.0454, 3, 2.82843, 3.16228, 32.3883, 30.6757, 26.6833, 35.7351, 35.4401, 29.1204, 17.4642, 16.5529, 15.6525, 17.2047, 19.7231, 19.7231, 22.0227, 22.0907, 16.1245, 25, 30.4138, 24.8395, 28.2843, 25, 28.6356, 28.2312, 30.0832, 28.6356, 42.5206, 45.2769, 44.5982, 41.1947, 45.3982, 44.4072, 53.2541, 57.8014, 52.1536, 51.923, 51.6624, 57.7235, 51.0882, 53.6004, 55.0818, 55.7136, 58.9406, 55.7136, 66.6108, 67.6831, 67.6018, 65.2763, 68.0294, 67.0298, 76.0592, 75.3923, 79.2023, 76.0066, 74.3303, 76.3217, 79.1202, 78.1025, 79.8311],
[41.7852, 23.2594, 29.8329, 0, 2.82843, 33.7343, 17.8885, 33.2415, 19.2094, 37.5899, 28.4253, 23.0868, 45.2217, 40.0125, 48.7032, 57.2014, 49.2443, 63.3246, 69.8355, 65.0077, 73.3894, 72.5603, 22.1359, 19.7231, 19.6977, 32.7567, 31.4006, 32.9848, 3.60555, 3, 3.16228, 6.40312, 5.83095, 1.41421, 34.4819, 36.8782, 36.6742, 20.2485, 21.4709, 21.4709, 33.541, 34.4384, 32.28, 19.105, 17, 17.6918, 39.1152, 39.8121, 40.8167, 26.1725, 30.4138, 25.4951, 25.02, 26.0768, 26.0192, 42.2019, 44.4185, 43.566, 37.0135, 43, 37.0135, 45.5412, 45.8803, 51.2445, 54.4059, 59.0339, 57.6888, 45.8912, 51.923, 45.8912, 62.2977, 60.6383, 63.2456, 67.7422, 68.4251, 67.5352, 62.0725, 63.0079, 65.123, 74.4648, 70.5195, 72.4224, 69.3542, 69.8713, 72.0069],
[40.7185, 25.9422, 32.28, 2.82843, 0, 35.3553, 18.9737, 34.4819, 19.105, 38.4838, 28.2843, 21, 44.8219, 38.0132, 47.5395, 56.8507, 47.8017, 61.9839, 69.1158, 63.0079, 72.2357, 70.859, 24.6982, 22.4722, 22.3607, 35.171, 33.7343, 35.4401, 4.12311, 2.23607, 5.83095, 3.60555, 3.16228, 3.16228, 35.9026, 38.4708, 38.3275, 21.587, 22.4722, 22.4722, 34.5398, 35.4683, 33.7343, 19.4165, 16.4012, 18.0278, 39.8246, 40.8534, 41.5933, 26.2488, 30.4795, 25.4951, 23.1948, 24, 24.0208, 41.8688, 43.8292, 43.0116, 35.0143, 41.0488, 35.1283, 44.3847, 44.7772, 49.98, 54.037, 58.7963, 57.2014, 44.3847, 50.5964, 44.3847, 61.0983, 59.203, 62.0322, 67.1193, 67.6018, 66.7308, 60.0083, 61.0737, 63.0317, 73.4098, 69.2892, 71.1688, 67.6018, 68.2495, 70.406],
[36.7151, 20.8087, 14.5602, 33.7343, 35.3553, 0, 17.0294, 5.38516, 22.4722, 11, 21.2132, 38.4838, 30.8058, 47.3814, 42.5441, 39.0128, 46.5296, 56.3205, 54.0093, 67.2309, 62.514, 69.2892, 18.4391, 23.3452, 21.2132, 14.0357, 12.1655, 15.0333, 37.108, 33.2415, 31.0483, 38.1182, 38.2099, 32.5576, 3, 3.16228, 3, 14, 14.3178, 14.3178, 8.544, 8.24621, 2.82843, 19.9249, 26.2488, 20.6155, 14, 10.4403, 14.1421, 19.2094, 19.2094, 20, 36.7151, 39.8246, 38.9487, 28.1603, 32.573, 31.6228, 45.3431, 48.8365, 43.8634, 40.2492, 39.8121, 45.6946, 37.0135, 39.2046, 41.0122, 44.9444, 47.0106, 44.9444, 53.6004, 55.3624, 54.5711, 51.0392, 54.037, 53.0377, 65.7343, 64.4981, 68.7968, 62.2013, 61, 62.9682, 67.2309, 65.7875, 67.3573],
[31.0161, 18.6815, 19.8494, 17.8885, 18.9737, 17.0294, 0, 15.5242, 8.06226, 19.7231, 14.1421, 23.4307, 30.6757, 36.2353, 38, 42.0476, 40.3113, 53.0094, 55.9732, 59.4811, 61.6604, 64.3817, 15.8114, 18.0278, 16.1245, 21.9317, 19.8494, 22.6274, 21.4709, 16.7631, 15.8114, 21.3776, 21.587, 16.5529, 17.1172, 20, 20.025, 3.16228, 3.60555, 3.60555, 15.6525, 16.5529, 15.0333, 5.38516, 10.6301, 5, 21.4009, 21.9317, 23.0217, 11.1803, 14.8661, 11.0454, 22.6716, 25.4558, 24.7588, 27.5136, 30.8058, 29.8329, 33.6155, 38.4838, 32.6497, 35.0143, 35, 41.0122, 39.3954, 43.4166, 43.0813, 37.6563, 42.0476, 37.6563, 51.1566, 51.0392, 52.1536, 53.4883, 55.0818, 54.1202, 57.2451, 57.0088, 60.407, 62.1691, 59.3043, 61.2944, 61.6604, 61.2046, 63.1269],
[31.3847, 24.1661, 19.105, 33.2415, 34.4819, 5.38516, 15.5242, 0, 19.2354, 6.32456, 16.4012, 34.7851, 25.4951, 42.5206, 37.1618, 34.1321, 41.1825, 50.9608, 49.0918, 61.9112, 57.3149, 63.9062, 21.4709, 26.0768, 23.8537, 19.0263, 17, 20.025, 36.7696, 32.28, 30.8707, 36.8782, 37.108, 31.9531, 2.82843, 6.40312, 7.07107, 13, 12.1655, 12.1655, 3.16228, 3, 3, 17.0294, 23.1948, 18, 9.21954, 7.07107, 9.84886, 14.7648, 14.1421, 15.6525, 32.6956, 35.8469, 34.9285, 22.8035, 27.2029, 26.2488, 40.6079, 43.8406, 39.0512, 34.8855, 34.4384, 40.3113, 32.0156, 34.5254, 36.0139, 39.6611, 41.6293, 39.6611, 48.2701, 49.98, 49.2443, 46.1736, 49, 48, 60.4649, 59.1693, 63.5138, 57.0789, 55.7315, 57.7062, 61.8466, 60.407, 61.9839],
[24.1868, 26.5707, 27.8029, 19.2094, 19.105, 22.4722, 8.06226, 19.2354, 0, 21.2132, 9.21954, 16.1245, 26.0768, 28.178, 31.257, 38.0132, 33.0151, 46.2709, 50.9902, 51.6624, 55.5428, 57.0789, 23.7697, 25.4951, 23.7697, 29.7321, 27.5862, 30.4795, 22.6716, 16.9706, 18.3576, 20.2485, 20.8087, 17.8045, 21.587, 25, 25.2982, 10.6301, 8.60233, 8.60233, 18, 19, 19.9249, 2.82843, 4, 3.16228, 21.8403, 24.0832, 23.7697, 7.2111, 11.4018, 6.40312, 14.8661, 17.8045, 17.0294, 23.0217, 25.4951, 24.5967, 25.5539, 30.4631, 24.5967, 28.1603, 28.2843, 34.1321, 35.2278, 39.8246, 38.5876, 30.1496, 35.0571, 30.1496, 44.7214, 44.0454, 45.7056, 48.7647, 49.7695, 48.8467, 49.3356, 49.2443, 52.4976, 56.3205, 52.9528, 54.9181, 54.231, 54.0093, 56],
[27.6586, 30.4631, 25.318, 37.5899, 38.4838, 11, 19.7231, 6.32456, 21.2132, 0, 15.5242, 35.3553, 20.2485, 40.4969, 32.7567, 28.0179, 37.2022, 45.8803, 43.0116, 58.0086, 51.6236, 59.0931, 27.7308, 32.249, 30.0167, 25.02, 23.0868, 26.0192, 41.1825, 36.2491, 35.5106, 40.4969, 40.8534, 36.2353, 8, 10.4403, 11.4018, 17.8045, 16.1245, 16.1245, 4.24264, 3.60555, 9.21954, 19.6469, 25.1794, 20.8806, 3, 3.16228, 3.60555, 15.0333, 12.6491, 16.0312, 32.7567, 35.9026, 34.9285, 17.8885, 22.3607, 21.4709, 38.9487, 41.4005, 37.2156, 30.8058, 30.2324, 35.8469, 26.0192, 28.2843, 30.0167, 36.1248, 37.2156, 36.1248, 43.0116, 45.1885, 43.9659, 40.05, 43.0465, 42.0476, 56.8507, 55.2178, 59.8164, 51.2445, 50.2195, 52.1728, 57.2451, 55.5428, 57.0088],
[17.2627, 32.1403, 31.0161, 28.4253, 28.2843, 21.2132, 14.1421, 16.4012, 9.21954, 15.5242, 0, 20.025, 17, 26.1725, 24.0832, 28.8444, 26.9258, 39.0128, 42.1545, 47.0106, 47.5184, 50.8035, 29.1548, 32.0156, 30, 32.2025, 29.9666, 33.1059, 31.8904, 26.1725, 27.4591, 29.2062, 29.8329, 27.0185, 19.2094, 22.8035, 23.4307, 15.0333, 12.0416, 12.0416, 13.8924, 14.7648, 18.3848, 9.84886, 12.2066, 11.1803, 15.0333, 18.6815, 17.0294, 3, 3, 3.16228, 17.2627, 20.3961, 19.4165, 13.8924, 16.7631, 15.8114, 24.2074, 27.6586, 22.6716, 21.2132, 21.095, 27.1662, 26.0768, 30.6105, 29.5296, 24.6982, 28.2843, 24.6982, 37.054, 37.2156, 38.0526, 39.8121, 41.1096, 40.1622, 45.1774, 44.3847, 48.3011, 48.0521, 45.1774, 47.1699, 48.2701, 47.5184, 49.366],
[23.3452, 40.2244, 43.1393, 23.0868, 21, 38.4838, 23.4307, 34.7851, 16.1245, 35.3553, 20.025, 0, 31.305, 17.0294, 29.2062, 42.72, 28.178, 42.4853, 52.345, 42.0119, 53.3385, 50.2195, 37.8021, 38.0789, 36.8917, 45.3431, 43.2782, 46.0109, 25.02, 20.0998, 24.5153, 19.2354, 20.2237, 22.2036, 37.3363, 40.8534, 41.2311, 26.4008, 24.6982, 24.6982, 32.9848, 33.9559, 35.8469, 18.868, 12.8062, 18.6011, 35.0571, 38.4708, 37.054, 20.3961, 23.0217, 19.4165, 3.60555, 3, 3.16228, 29.1548, 29.1548, 28.6531, 14.0357, 20.0998, 14.3178, 26.2488, 26.9072, 31.0644, 39.9625, 45.2769, 42.2019, 24.5967, 31.3847, 24.5967, 42.19, 39.3954, 43.0465, 50.9313, 50.3289, 49.5782, 39.0128, 40.1123, 42.0476, 54.9181, 50.1199, 51.8845, 46.8722, 47.8017, 50],
[11.1803, 47.2652, 44.1022, 45.2217, 44.8219, 30.8058, 30.6757, 25.4951, 26.0768, 20.2485, 17, 31.305, 0, 27.1662, 13.4536, 12.0416, 18.6011, 25.632, 25.2982, 38.8973, 32.0156, 38.9102, 44.2832, 47.8539, 45.7056, 44.4072, 42.2966, 45.3982, 48.6004, 42.8019, 44.4185, 45.2769, 46.0109, 43.8292, 27.8927, 30.6757, 31.6228, 30.8058, 27.8927, 27.8927, 22.3607, 22.561, 28.4429, 26.8328, 28.4253, 28.178, 17.4642, 22.3607, 18.3576, 19.6977, 15.8114, 20.1246, 27.7308, 30.0832, 29.1548, 3.16228, 3.16228, 3, 27, 26.6833, 25, 12.53, 11.6619, 16.2788, 9.21954, 14.2127, 12.53, 18.7883, 17.6918, 18.7883, 22.8035, 25.0599, 23.7697, 22.8473, 24.5153, 23.5372, 38.2884, 36.0694, 41.0366, 32.0624, 30.2655, 32.249, 37.2156, 35.3412, 36.7696],
[16.0312, 54.626, 55.7584, 40.0125, 38.0132, 47.3814, 36.2353, 42.5206, 28.178, 40.4969, 26.1725, 17.0294, 27.1662, 0, 18.0278, 35.5106, 14.4222, 27.6586, 40.8167, 25, 38.9487, 33.5261, 51.8941, 53.1413, 51.6236, 57.4282, 55.2178, 58.2495, 42.0476, 37.0135, 41.1947, 36.2215, 37.2156, 39.0512, 45.3431, 48.9183, 49.5782, 38.5876, 36.0555, 36.0555, 39.8246, 40.6079, 44.5533, 30.8869, 26.5707, 31.305, 38.9487, 43.566, 40.7063, 28.3196, 28.4253, 27.6586, 15.1327, 14.0357, 14, 26.6833, 24.0832, 24.1868, 3, 3.16228, 3.60555, 16.2788, 17.2627, 18.3576, 33.2415, 38.4708, 33.9559, 11.1803, 18.0278, 11.1803, 28.3196, 24.2074, 29, 40.2492, 38.2753, 37.7359, 22.0907, 23.0868, 25.1794, 41.0122, 35.4683, 37.0135, 30.0832, 31.3847, 33.6155],
[7.07107, 56.2228, 54.5711, 48.7032, 47.5395, 42.5441, 38, 37.1618, 31.257, 32.7567, 24.0832, 29.2062, 13.4536, 18.0278, 0, 18, 5.38516, 15.0333, 23.4307, 25.4951, 24.6982, 26.9258, 53.2353, 56.0089, 54.037, 55.3624, 53.1601, 56.3205, 51.6236, 45.8803, 48.7647, 46.9574, 47.8539, 47.4342, 39.8121, 42.9418, 43.8292, 39.1152, 36.1248, 36.1248, 34.0147, 34.4384, 39.9249, 33.0606, 32.0156, 34.1321, 30.2324, 35.2278, 31.4006, 27.074, 24.5153, 27.0185, 25.807, 26.9072, 26.2488, 15, 10.6301, 11.4018, 19.2354, 16.2788, 17.4929, 3.16228, 3, 3.16228, 16.1245, 21, 16.1245, 7.07107, 4.47214, 7.07107, 13.6015, 13.1529, 14.5602, 22.4722, 21.2132, 20.5183, 24.8395, 22.6716, 27.5862, 25.9422, 21.8403, 23.7697, 24.6982, 23.5372, 25.318],
[20.2485, 57.4891, 53.2353, 57.2014, 56.8507, 39.0128, 42.0476, 34.1321, 38.0132, 28.0179, 28.8444, 42.72, 12.0416, 35.5106, 18, 0, 23.0868, 22.6716, 15, 39.8246, 24.6982, 36.0694, 54.5711, 58.5235, 56.3205, 53.0377, 51.0882, 54.037, 60.6053, 54.8179, 56.3028, 57.3149, 58.0517, 55.8032, 36.0139, 38.0526, 39.0512, 41.7852, 39, 39, 31.257, 31.1448, 37.1214, 38.5876, 40.4599, 39.9625, 25.02, 29.0689, 25.02, 31.3847, 27.2947, 31.9061, 39.1152, 41.1825, 40.3113, 15, 13.6015, 14.2127, 36.1386, 34.1321, 34.2053, 19.2354, 18.2483, 19.2354, 2.82843, 3, 2.82843, 25.02, 20.3961, 25.02, 19.105, 23.8537, 19.799, 12.0416, 15.2971, 14.3178, 40.3113, 37.1214, 42.4853, 23.7697, 24.1868, 25.9422, 35.4683, 32.5269, 33.3017],
[9.84886, 58.8558, 57.8705, 49.2443, 47.8017, 46.5296, 40.3113, 41.1825, 33.0151, 37.2022, 26.9258, 28.178, 18.6011, 14.4222, 5.38516, 23.0868, 0, 14.3178, 26.4197, 20.8087, 25.2389, 24.0832, 55.9017, 58.3095, 56.4358, 58.8727, 56.648, 59.808, 51.923, 46.3249, 49.6488, 46.8188, 47.7598, 48.0521, 43.909, 47.1699, 48.0208, 41.7732, 38.833, 38.833, 38.0789, 38.5876, 43.8292, 35.1283, 33.1361, 36.0555, 34.8281, 39.8246, 36.1248, 29.8329, 27.8568, 29.6142, 25.0799, 25.5539, 25.0599, 19.799, 15.6205, 16.2788, 16.2788, 12.083, 14.8661, 6.40312, 7.07107, 4.12311, 21.3776, 26.0768, 21, 3.60555, 3.60555, 3.60555, 14.2127, 11.4018, 15, 26, 23.8537, 23.3238, 19.799, 18.0278, 22.6716, 27.0185, 21.9545, 23.7065, 21.3776, 21, 23.0217],
[22.0907, 71.1126, 69.0507, 63.3246, 61.9839, 56.3205, 53.0094, 50.9608, 46.2709, 45.8803, 39.0128, 42.4853, 25.632, 27.6586, 15.0333, 22.6716, 14.3178, 0, 17, 18.4391, 11.3137, 13.6015, 68.1175, 71, 69.0072, 69.6348, 67.4685, 70.6116, 66.0984, 60.4401, 63.561, 61.0983, 62.0322, 62.0967, 53.4509, 56.3028, 57.2451, 54.037, 51.0392, 51.0392, 47.8017, 48.0833, 53.8516, 48.0937, 46.8722, 49.163, 43.0813, 47.927, 43.8634, 42.0119, 39.2046, 42, 39.3954, 39.8246, 39.3573, 28.1603, 23.7697, 24.7386, 30, 24.7588, 28.8444, 18.1108, 18.0278, 12.1655, 22.6716, 25, 19.8494, 17.8885, 11.4018, 17.8885, 3.60555, 3.60555, 3.16228, 18.2483, 14, 14.0357, 20.025, 16.1245, 21.3776, 13.6015, 7.81025, 9.43398, 12.8062, 10, 11.1803],
[29.0689, 72.1803, 68.1836, 69.8355, 69.1158, 54.0093, 55.9732, 49.0918, 50.9902, 43.0116, 42.1545, 52.345, 25.2982, 40.8167, 23.4307, 15, 26.4197, 17, 0, 35.2278, 12.0416, 27.313, 69.2315, 73.0069, 70.8308, 68.0294, 66.0681, 69.029, 73.0616, 67.2309, 69.3181, 69.0652, 69.8928, 68.4763, 51.0098, 53.0377, 54.037, 56.0446, 53.1601, 53.1601, 46.1736, 46.0977, 52.0865, 52, 52.8394, 53.3104, 40.0125, 44.0454, 40.0125, 44.9444, 41.1096, 45.31, 48.8365, 50.2096, 49.4975, 28.4605, 25.4951, 26.4008, 42.4382, 38.4708, 40.8044, 26.1725, 25.4558, 22.4722, 17.1172, 15.2971, 13.1529, 29.6816, 22.8254, 29.6816, 14.1421, 20.0998, 14.0357, 3.16228, 3, 3.16228, 37.0135, 33.0606, 38.2099, 10, 13.4164, 14.4222, 28.1603, 24.3516, 24.1661],
[30.5287, 78.1601, 78, 65.0077, 63.0079, 67.2309, 59.4811, 61.9112, 51.6624, 58.0086, 47.0106, 42.0119, 38.8973, 25, 25.4951, 39.8246, 20.8087, 18.4391, 35.2278, 0, 26.3059, 12.2066, 75.2861, 77.1298, 75.4321, 79.2023, 76.9675, 80.1124, 67.0298, 62.0081, 66.1211, 61.131, 62.1289, 64.0312, 64.6607, 67.9559, 68.7968, 61.3514, 58.5235, 58.5235, 58.8303, 59.3633, 64.4981, 54.1202, 50.8035, 54.8179, 55.6058, 60.6053, 56.8507, 49.7695, 48.3011, 49.3964, 40.05, 39.0128, 39, 40.4599, 36.1248, 36.8782, 28, 22.0227, 28.0713, 27.2029, 27.8029, 22.6274, 39.1152, 42.4853, 37.1214, 22.3607, 21.2132, 22.3607, 21.8403, 16.1555, 21.587, 36.6742, 32.249, 32.3883, 3.60555, 2.82843, 3, 29.2746, 23.0868, 23.3452, 8.94427, 12.6491, 14.3178],
[31.6228, 79.1012, 76.1052, 73.3894, 72.2357, 62.514, 61.6604, 57.3149, 55.5428, 51.6236, 47.5184, 53.3385, 32.0156, 38.9487, 24.6982, 24.6982, 25.2389, 11.3137, 12.0416, 26.3059, 0, 16.2788, 76.1052, 79.404, 77.3175, 76.3217, 74.2428, 77.3175, 76.3217, 70.5762, 73.3757, 71.5891, 72.4983, 72.111, 59.5399, 61.9839, 62.9682, 62.2896, 59.3043, 59.3043, 54.231, 54.3323, 60.2993, 57.0701, 56.6127, 58.2495, 48.6621, 53.1507, 49.0306, 50.4876, 47.1699, 50.636, 50.1199, 50.774, 50.2494, 35, 31.0644, 32.0624, 41.2311, 36.0694, 40, 27.8568, 27.5136, 22.3607, 25.9615, 25.9422, 22.1359, 28.8444, 21.9545, 28.8444, 11.1803, 14.8661, 10.2956, 14.8661, 10, 10.8167, 28.8617, 24.7386, 29.2746, 3, 3.60555, 3, 18, 14, 13.1529],
[33.541, 82.8734, 81.4923, 72.5603, 70.859, 69.2892, 64.3817, 63.9062, 57.0789, 59.0931, 50.8035, 50.2195, 38.9102, 33.5261, 26.9258, 36.0694, 24.0832, 13.6015, 27.313, 12.2066, 16.2788, 0, 79.9062, 82.3893, 80.5047, 82.28, 80.0812, 83.2406, 74.9667, 69.5845, 73.2462, 69.4262, 70.406, 71.4493, 66.4831, 69.4622, 70.3847, 65.7647, 62.8013, 62.8013, 60.7454, 61.0983, 66.7308, 59.2115, 57.0088, 60.1332, 56.3649, 61.2699, 57.2451, 53.7587, 51.4198, 53.6004, 47.676, 47.2969, 47.0744, 41.2311, 36.7696, 37.6962, 36.4006, 30.3645, 35.9026, 29.6142, 29.8329, 23.7697, 36.2353, 38.2099, 33.2415, 27, 22.561, 27, 17.0294, 13.9284, 16.2788, 29.5296, 24.5967, 25.0599, 15.6205, 12.0416, 14.7648, 19.2354, 13.9284, 13.3417, 3.60555, 3.60555, 3.16228],
[46.3897, 3, 8, 22.1359, 24.6982, 18.4391, 15.8114, 21.4709, 23.7697, 27.7308, 29.1548, 37.8021, 44.2832, 51.8941, 53.2353, 54.5711, 55.9017, 68.1175, 69.2315, 75.2861, 76.1052, 79.9062, 0, 5, 3.16228, 11, 10.198, 11.0454, 24.5153, 23.2594, 18.9737, 28.2312, 27.8568, 21.5407, 20.8087, 21.2132, 20.5183, 14.1421, 17.1172, 17.1172, 23.7697, 24.1661, 18.868, 21.1896, 25.5539, 20.6155, 30.4631, 28.3019, 31.305, 26.1725, 29, 26.3059, 37.7359, 40.2244, 39.6611, 41.1947, 45.0444, 44.0454, 49.1935, 54.231, 48.3322, 50.3587, 50.2494, 56.3205, 52.1728, 55.3624, 56.0892, 53.3667, 57.4282, 53.3667, 66.0076, 66.3702, 67.0075, 66.4906, 68.7314, 67.7422, 73.0548, 72.8011, 76.2168, 76.3217, 74.0068, 76.0066, 77.2787, 76.6551, 78.5175],
[49.0408, 4, 12.3693, 19.7231, 22.4722, 23.3452, 18.0278, 26.0768, 25.4951, 32.249, 32.0156, 38.0789, 47.8539, 53.1413, 56.0089, 58.5235, 58.3095, 71, 73.0069, 77.1298, 79.404, 82.3893, 5, 0, 2.23607, 15.2971, 14.8661, 15.1327, 21.5407, 21.4009, 16.6433, 26.0768, 25.5539, 19.4165, 25.6125, 26.1725, 25.4951, 17.1172, 20.0998, 20.0998, 28.178, 28.6531, 23.6008, 23.1948, 26.5707, 22.3607, 34.8855, 33.0151, 35.8469, 29.0172, 32.249, 29, 38.4838, 40.7063, 40.2492, 44.7214, 48.3735, 47.3814, 50.3289, 55.6597, 49.6488, 53.0377, 53.0094, 59.0339, 56.0446, 59.4643, 59.9083, 55.5788, 60.075, 55.5788, 69.0652, 69.0652, 70.0643, 70.342, 72.3671, 71.3863, 74.7262, 74.7329, 77.8845, 79.7621, 77.1622, 79.1581, 79.6304, 79.2275, 81.1542],
[47.0956, 3.60555, 11.0454, 19.6977, 22.3607, 21.2132, 16.1245, 23.8537, 23.7697, 30.0167, 30, 36.8917, 45.7056, 51.6236, 54.037, 56.3205, 56.4358, 69.0072, 70.8308, 75.4321, 77.3175, 80.5047, 3.16228, 2.23607, 0, 14.0357, 13.3417, 14, 21.8403, 21.095, 16.5529, 25.9422, 25.4951, 19.2354, 23.4307, 24.0832, 23.4307, 15.0333, 18.0278, 18.0278, 25.9422, 26.4197, 21.4009, 21.3776, 25.0799, 20.6155, 32.6497, 30.8058, 33.6155, 27, 30.1496, 27.0185, 37.1214, 39.4462, 38.9487, 42.5793, 46.2709, 45.2769, 48.8467, 54.0833, 48.1041, 51.0882, 51.0392, 57.0789, 53.8516, 57.2451, 57.7235, 53.7587, 58.1378, 53.7587, 67.0298, 67.1193, 68.0294, 68.1542, 70.214, 69.2315, 73.0821, 73.0069, 76.243, 77.6466, 75.1066, 77.1038, 77.7817, 77.3175, 79.2275],
[49.0408, 11.4018, 3, 32.7567, 35.171, 14.0357, 21.9317, 19.0263, 29.7321, 25.02, 32.2025, 45.3431, 44.4072, 57.4282, 55.3624, 53.0377, 58.8727, 69.6348, 68.0294, 79.2023, 76.3217, 82.28, 11, 15.2971, 14.0357, 0, 2.23607, 1, 35.3553, 33.5261, 29.6142, 38.6005, 38.3275, 32.0156, 17.0294, 15.5242, 14.5602, 19.105, 21.4009, 21.4009, 22.0907, 22.0227, 16.0312, 26.9072, 32.5576, 26.8701, 28.0179, 24.3311, 28.1603, 29.5296, 31.0161, 30.0167, 44.5533, 47.3814, 46.669, 41.5933, 45.8912, 44.911, 55, 59.3633, 53.8238, 52.811, 52.4976, 58.5235, 51, 53.2353, 55, 56.8595, 59.7746, 56.8595, 67.082, 68.4105, 68.0661, 65.0692, 68.0074, 67.0075, 77.3692, 76.5572, 80.4984, 76.1052, 74.6726, 76.6551, 80.0062, 78.848, 80.5233],
[46.8188, 11.1803, 2.82843, 31.4006, 33.7343, 12.1655, 19.8494, 17, 27.5862, 23.0868, 29.9666, 43.2782, 42.2966, 55.2178, 53.1601, 51.0882, 56.648, 67.4685, 66.0681, 76.9675, 74.2428, 80.0812, 10.198, 14.8661, 13.3417, 2.23607, 0, 3.16228, 34.1321, 32.0156, 28.2843, 37.108, 36.8782, 30.5941, 15.1327, 13.9284, 13, 16.9706, 19.2094, 19.2094, 20.025, 20, 14, 24.7588, 30.4795, 24.7588, 26.0768, 22.561, 26.3059, 27.2947, 28.7924, 27.7849, 42.4264, 45.2769, 44.5533, 39.4588, 43.7379, 42.7551, 52.8015, 57.1402, 51.614, 50.5964, 50.2892, 56.3205, 49.0102, 51.3517, 53.0094, 54.626, 57.5674, 54.626, 64.9384, 66.2193, 65.9242, 63.1269, 66, 65, 75.1332, 74.3236, 78.2624, 74.0608, 72.5603, 74.5453, 77.7946, 76.6551, 78.339],
[49.98, 11.1803, 3.16228, 32.9848, 35.4401, 15.0333, 22.6274, 20.025, 30.4795, 26.0192, 33.1059, 46.0109, 45.3982, 58.2495, 56.3205, 54.037, 59.808, 70.6116, 69.029, 80.1124, 77.3175, 83.2406, 11.0454, 15.1327, 14, 1, 3.16228, 0, 35.5106, 33.8378, 29.8329, 38.8973, 38.6005, 32.28, 18.0278, 16.4924, 15.5242, 19.8494, 22.2036, 22.2036, 23.0868, 23.0217, 17.0294, 27.6586, 33.2415, 27.5862, 29.0172, 25.318, 29.1548, 30.4138, 31.9531, 30.8869, 45.2769, 48.0833, 47.3814, 42.5793, 46.8722, 45.8912, 55.8032, 60.208, 54.6443, 53.7587, 53.4509, 59.4811, 52, 54.231, 56, 57.7754, 60.7289, 57.7754, 68.0661, 69.3758, 69.0507, 66.0681, 69.0072, 68.0074, 78.2624, 77.4726, 81.3941, 77.1038, 75.6637, 77.6466, 80.9568, 79.8123, 81.4923],
[44.7772, 25.2982, 32.3883, 3.60555, 4.12311, 37.108, 21.4709, 36.7696, 22.6716, 41.1825, 31.8904, 25.02, 48.6004, 42.0476, 51.6236, 60.6053, 51.923, 66.0984, 73.0616, 67.0298, 76.3217, 74.9667, 24.5153, 21.5407, 21.8403, 35.3553, 34.1321, 35.5106, 0, 5.83095, 6.08276, 6.32456, 5.38516, 5, 37.9473, 40.2616, 40.025, 23.7697, 25.0599, 25.0599, 37.1214, 38.0132, 35.7351, 22.6716, 20.2485, 21.2603, 42.72, 43.382, 44.4185, 29.6985, 33.9411, 29, 27.2947, 28.0179, 28.0713, 45.607, 47.7074, 46.8722, 39.0512, 45.0999, 39.2046, 48.4665, 48.8467, 54.0833, 57.8014, 62.482, 61.0328, 48.5077, 54.7083, 48.5077, 65.192, 63.3246, 66.1287, 71.0211, 71.5891, 70.7107, 64, 65.123, 67.0075, 77.4726, 73.3894, 75.2728, 71.7008, 72.3671, 74.5252],
[39, 24.6982, 30.6757, 3, 2.23607, 33.2415, 16.7631, 32.28, 16.9706, 36.2491, 26.1725, 20.0998, 42.8019, 37.0135, 45.8803, 54.8179, 46.3249, 60.4401, 67.2309, 62.0081, 70.5762, 69.5845, 23.2594, 21.4009, 21.095, 33.5261, 32.0156, 33.8378, 5.83095, 0, 5, 5.09902, 5, 2.23607, 33.7343, 36.3456, 36.2215, 19.4165, 20.2485, 20.2485, 32.311, 33.2415, 31.5753, 17.2047, 14.4222, 15.8114, 37.5899, 38.6264, 39.3573, 24.0832, 28.3196, 23.3452, 22.0227, 23.0868, 23.0217, 39.8246, 41.8808, 41.0488, 34.0147, 40, 34.0147, 42.72, 43.0813, 48.3839, 52.0096, 56.7274, 55.2178, 42.9535, 49.0408, 42.9535, 59.4643, 57.7235, 60.407, 65.192, 65.7647, 64.8845, 59.0762, 60.0083, 62.1289, 71.6938, 67.6757, 69.5701, 66.3702, 66.9104, 69.0507],
[41.7612, 20.1246, 26.6833, 3.16228, 5.83095, 31.0483, 15.8114, 30.8707, 18.3576, 35.5106, 27.4591, 24.5153, 44.4185, 41.1947, 48.7647, 56.3028, 49.6488, 63.561, 69.3181, 66.1211, 73.3757, 73.2462, 18.9737, 16.6433, 16.5529, 29.6142, 28.2843, 29.8329, 6.08276, 5, 0, 9.43398, 8.94427, 2.82843, 31.9531, 34.2053, 33.9559, 17.8885, 19.4165, 19.4165, 31.3847, 32.249, 29.7321, 17.8045, 16.7631, 16.4012, 37.2022, 37.5899, 38.833, 25, 29.2062, 24.4131, 26.0768, 27.4591, 27.2947, 41.3401, 43.8292, 42.9418, 38.2099, 44.1022, 38.0526, 45.607, 45.8803, 51.4198, 53.535, 58.0086, 56.9386, 46.3897, 52.1728, 46.3897, 62.3618, 61, 63.3246, 67.1193, 68.0294, 67.1193, 63.2851, 64.0312, 66.3702, 74.3303, 70.6045, 72.5328, 70.1142, 70.4557, 72.5603],
[40.3113, 29.5296, 35.7351, 6.40312, 3.60555, 38.1182, 21.3776, 36.8782, 20.2485, 40.4969, 29.2062, 19.2354, 45.2769, 36.2215, 46.9574, 57.3149, 46.8188, 61.0983, 69.0652, 61.131, 71.5891, 69.4262, 28.2312, 26.0768, 25.9422, 38.6005, 37.108, 38.8973, 6.32456, 5.09902, 9.43398, 0, 1, 6.7082, 38.4708, 41.1947, 41.1096, 24.1868, 24.7386, 24.7386, 36.6879, 37.6431, 36.3456, 21.0238, 17.0294, 19.6977, 41.6293, 43.0116, 43.4626, 27.4591, 31.6228, 26.6271, 21.8403, 22.2036, 22.3607, 42.4264, 44.0454, 43.2782, 33.2415, 39.3192, 33.541, 43.8292, 44.2945, 49.2443, 54.4885, 59.397, 57.4891, 43.3244, 49.7695, 43.3244, 60.4152, 58.1893, 61.327, 67.2012, 67.4166, 66.5733, 58.0345, 59.3043, 61.0082, 72.8972, 68.542, 70.3847, 66.0984, 66.9403, 69.1231],
[41.1825, 29.0689, 35.4401, 5.83095, 3.16228, 38.2099, 21.587, 37.108, 20.8087, 40.8534, 29.8329, 20.2237, 46.0109, 37.2156, 47.8539, 58.0517, 47.7598, 62.0322, 69.8928, 62.1289, 72.4983, 70.406, 27.8568, 25.5539, 25.4951, 38.3275, 36.8782, 38.6005, 5.38516, 5, 8.94427, 1, 0, 6.32456, 38.6394, 41.3038, 41.1947, 24.3311, 25, 25, 37, 37.9473, 36.4966, 21.4709, 17.6918, 20.1246, 42.0476, 43.3244, 43.8634, 28.0179, 32.2025, 27.2029, 22.8035, 23.1948, 23.3452, 43.1393, 44.8219, 44.0454, 34.2345, 40.3113, 34.5254, 44.7214, 45.1774, 50.1597, 55.2268, 60.1082, 58.258, 44.2719, 50.6952, 44.2719, 61.327, 59.1354, 62.2415, 68.0074, 68.2642, 67.4166, 59.0339, 60.2993, 62.0081, 73.7902, 69.4622, 71.3092, 67.082, 67.9117, 70.0928],
[40.4969, 22.8254, 29.1204, 1.41421, 3.16228, 32.5576, 16.5529, 31.9531, 17.8045, 36.2353, 27.0185, 22.2036, 43.8292, 39.0512, 47.4342, 55.8032, 48.0521, 62.0967, 68.4763, 64.0312, 72.111, 71.4493, 21.5407, 19.4165, 19.2354, 32.0156, 30.5941, 32.28, 5, 2.23607, 2.82843, 6.7082, 6.32456, 0, 33.2415, 35.6931, 35.5106, 18.9737, 20.1246, 20.1246, 32.2025, 33.1059, 31.0483, 17.6918, 15.6525, 16.2788, 37.7359, 38.4838, 39.4462, 24.7588, 29, 24.0832, 24, 25.1794, 25.0799, 40.8044, 43.0465, 42.19, 36.0555, 42.0119, 36, 44.2719, 44.5982, 50, 53.0094, 57.6281, 56.3028, 44.7214, 50.6952, 44.7214, 61.0328, 59.439, 61.9839, 66.3702, 67.082, 66.1891, 61.131, 62, 64.195, 73.1642, 69.2604, 71.1688, 68.2642, 68.7314, 70.859],
[34.1321, 23.3238, 17.4642, 34.4819, 35.9026, 3, 17.1172, 2.82843, 21.587, 8, 19.2094, 37.3363, 27.8927, 45.3431, 39.8121, 36.0139, 43.909, 53.4509, 51.0098, 64.6607, 59.5399, 66.4831, 20.8087, 25.6125, 23.4307, 17.0294, 15.1327, 18.0278, 37.9473, 33.7343, 31.9531, 38.4708, 38.6394, 33.2415, 0, 3.60555, 4.24264, 14.3178, 14, 14, 5.83095, 5.38516, 2.23607, 19.2354, 25.4951, 20.0998, 11, 7.61577, 11.1803, 17.4929, 16.9706, 18.3576, 35.3412, 38.4838, 37.5766, 25.2982, 29.7321, 28.7924, 43.4166, 46.669, 41.8688, 37.5899, 37.1214, 42.9535, 34.0147, 36.2215, 38.0132, 42.4382, 44.2832, 42.4382, 50.6952, 52.5547, 51.6624, 48.0416, 51.0392, 50.04, 63.2456, 61.9112, 66.2873, 59.2115, 58.0517, 60.0167, 64.4748, 62.9682, 64.5136],
[37.4433, 23.4307, 16.5529, 36.8782, 38.4708, 3.16228, 20, 6.40312, 25, 10.4403, 22.8035, 40.8534, 30.6757, 48.9183, 42.9418, 38.0526, 47.1699, 56.3028, 53.0377, 67.9559, 61.9839, 69.4622, 21.2132, 26.1725, 24.0832, 15.5242, 13.9284, 16.4924, 40.2616, 36.3456, 34.2053, 41.1947, 41.3038, 35.6931, 3.60555, 0, 1, 17.0294, 17.1172, 17.1172, 9.21954, 8.60233, 5.09902, 22.561, 28.8617, 23.3452, 13.3417, 9, 13.0384, 21.095, 20.5183, 21.9545, 38.9102, 42.0476, 41.1461, 28.2312, 32.6956, 31.7805, 47.0106, 50.2096, 45.4533, 40.8167, 40.3113, 46.0652, 36.2215, 38.0132, 40.1995, 45.8039, 47.4131, 45.8039, 53.4509, 55.5428, 54.4059, 50.01, 53.2353, 52.2398, 66.6108, 65.192, 69.6348, 61.5224, 60.6383, 62.5859, 67.5426, 65.9242, 67.4166],
[38.2753, 22.6716, 15.6525, 36.6742, 38.3275, 3, 20.025, 7.07107, 25.2982, 11.4018, 23.4307, 41.2311, 31.6228, 49.5782, 43.8292, 39.0512, 48.0208, 57.2451, 54.037, 68.7968, 62.9682, 70.3847, 20.5183, 25.4951, 23.4307, 14.5602, 13, 15.5242, 40.025, 36.2215, 33.9559, 41.1096, 41.1947, 35.5106, 4.24264, 1, 0, 17, 17.2627, 17.2627, 10, 9.43398, 5.38516, 22.8035, 29.1204, 23.5372, 14.3178, 10, 14.0357, 21.6333, 21.2132, 22.4722, 39.3573, 42.4853, 41.5933, 29.1548, 33.6155, 32.6956, 47.634, 50.9117, 46.0977, 41.6773, 41.1825, 46.9574, 37.2156, 39.0128, 41.1947, 46.6154, 48.3011, 46.6154, 54.4059, 56.4624, 55.3624, 51.0098, 54.231, 53.2353, 67.424, 66.0379, 70.4557, 62.514, 61.6117, 63.561, 68.4471, 66.8506, 68.352],
[32.249, 17.1172, 17.2047, 20.2485, 21.587, 14, 3.16228, 13, 10.6301, 17.8045, 15.0333, 26.4008, 30.8058, 38.5876, 39.1152, 41.7852, 41.7732, 54.037, 56.0446, 61.3514, 62.2896, 65.7647, 14.1421, 17.1172, 15.0333, 19.105, 16.9706, 19.8494, 23.7697, 19.4165, 17.8885, 24.1868, 24.3311, 18.9737, 14.3178, 17.0294, 17, 0, 3, 3, 13.6015, 14.4222, 12.1655, 7.81025, 13.6015, 7.81025, 19.799, 19.7231, 21.2603, 12.0416, 15.1327, 12.1655, 25.4558, 28.3196, 27.5862, 27.6586, 31.257, 30.2655, 36.0555, 40.7063, 34.9857, 36.2215, 36.1248, 42.19, 39.2173, 42.9535, 43.0116, 39.2938, 43.2897, 39.2938, 52.0096, 52.2398, 53.0094, 53.4509, 55.3173, 54.3415, 59.2368, 58.8218, 62.3939, 62.6498, 60.075, 62.0725, 63.1506, 62.514, 64.3817],
[29.2746, 20.0998, 19.7231, 21.4709, 22.4722, 14.3178, 3.60555, 12.1655, 8.60233, 16.1245, 12.0416, 24.6982, 27.8927, 36.0555, 36.1248, 39, 38.833, 51.0392, 53.1601, 58.5235, 59.3043, 62.8013, 17.1172, 20.0998, 18.0278, 21.4009, 19.2094, 22.2036, 25.0599, 20.2485, 19.4165, 24.7386, 25, 20.1246, 14, 17.1172, 17.2627, 3, 0, 0, 12.083, 13, 12.0416, 5.83095, 12.083, 6.32456, 17.8045, 18.3848, 19.4165, 9.05539, 12.1655, 9.21954, 23.4307, 26.4008, 25.6125, 24.7386, 28.2843, 27.2947, 33.6006, 38.0789, 32.45, 33.2415, 33.1361, 39.2046, 36.4006, 40.2492, 40.1622, 36.4006, 40.3113, 36.4006, 49.0102, 49.2544, 50.01, 50.5964, 52.3927, 51.4198, 56.4624, 55.9732, 59.6154, 59.6825, 57.0789, 59.0762, 60.208, 59.5399, 61.4003],
[29.2746, 20.0998, 19.7231, 21.4709, 22.4722, 14.3178, 3.60555, 12.1655, 8.60233, 16.1245, 12.0416, 24.6982, 27.8927, 36.0555, 36.1248, 39, 38.833, 51.0392, 53.1601, 58.5235, 59.3043, 62.8013, 17.1172, 20.0998, 18.0278, 21.4009, 19.2094, 22.2036, 25.0599, 20.2485, 19.4165, 24.7386, 25, 20.1246, 14, 17.1172, 17.2627, 3, 0, 0, 12.083, 13, 12.0416, 5.83095, 12.083, 6.32456, 17.8045, 18.3848, 19.4165, 9.05539, 12.1655, 9.21954, 23.4307, 26.4008, 25.6125, 24.7386, 28.2843, 27.2947, 33.6006, 38.0789, 32.45, 33.2415, 33.1361, 39.2046, 36.4006, 40.2492, 40.1622, 36.4006, 40.3113, 36.4006, 49.0102, 49.2544, 50.01, 50.5964, 52.3927, 51.4198, 56.4624, 55.9732, 59.6154, 59.6825, 57.0789, 59.0762, 60.208, 59.5399, 61.4003],
[28.3019, 26.5707, 22.0227, 33.541, 34.5398, 8.544, 15.6525, 3.16228, 18, 4.24264, 13.8924, 32.9848, 22.3607, 39.8246, 34.0147, 31.257, 38.0789, 47.8017, 46.1736, 58.8303, 54.231, 60.7454, 23.7697, 28.178, 25.9422, 22.0907, 20.025, 23.0868, 37.1214, 32.311, 31.3847, 36.6879, 37, 32.2025, 5.83095, 9.21954, 10, 13.6015, 12.083, 12.083, 0, 1, 6.08276, 16.1245, 22, 17.2627, 6.7082, 6.32456, 7.81025, 12.6491, 11.4018, 13.6015, 30.6757, 33.8378, 32.8938, 19.6469, 24.0416, 23.0868, 38.0132, 41.0366, 36.4006, 31.7648, 31.305, 37.1618, 29.0689, 31.7805, 33.0606, 36.6197, 38.4838, 36.6197, 45.1221, 46.8188, 46.0977, 43.2897, 46.0109, 45.0111, 57.4282, 56.0803, 60.4649, 54.037, 52.6118, 54.5894, 58.6941, 57.2451, 58.8218],
[28.8444, 26.9258, 22.0907, 34.4384, 35.4683, 8.24621, 16.5529, 3, 19, 3.60555, 14.7648, 33.9559, 22.561, 40.6079, 34.4384, 31.1448, 38.5876, 48.0833, 46.0977, 59.3633, 54.3323, 61.0983, 24.1661, 28.6531, 26.4197, 22.0227, 20, 23.0217, 38.0132, 33.2415, 32.249, 37.6431, 37.9473, 33.1059, 5.38516, 8.60233, 9.43398, 14.4222, 13, 13, 1, 0, 6, 17.1172, 23, 18.2483, 6.32456, 5.38516, 7.2111, 13.6015, 12.2066, 14.5602, 31.6228, 34.7851, 33.8378, 19.9249, 24.3516, 23.4094, 38.833, 41.7732, 37.2022, 32.249, 31.7648, 37.5766, 29.0172, 31.5753, 33.0151, 37.2022, 38.9102, 37.2022, 45.3542, 47.1699, 46.3249, 43.1856, 46, 45, 58.0086, 56.6039, 61.0328, 54.0833, 52.7731, 54.7449, 59.0931, 57.5847, 59.1354],
[34, 21.4709, 16.1245, 32.28, 33.7343, 2.82843, 15.0333, 3, 19.9249, 9.21954, 18.3848, 35.8469, 28.4429, 44.5533, 39.9249, 37.1214, 43.8292, 53.8516, 52.0865, 64.4981, 60.2993, 66.7308, 18.868, 23.6008, 21.4009, 16.0312, 14, 17.0294, 35.7351, 31.5753, 29.7321, 36.3456, 36.4966, 31.0483, 2.23607, 5.09902, 5.38516, 12.1655, 12.0416, 12.0416, 6.08276, 6, 0, 17.4642, 23.7697, 18.2483, 12.1655, 9.43398, 12.6491, 16.4012, 16.4012, 17.2047, 34, 37.1214, 36.2353, 25.7099, 30.0832, 29.1204, 42.5206, 46.0109, 41.0366, 37.5766, 37.1618, 43.0813, 35.0143, 37.4833, 39.0128, 42.19, 44.3847, 42.19, 51.1957, 52.811, 52.1728, 49.163, 52, 51, 62.9682, 61.7738, 66.0379, 60.075, 58.6941, 60.6712, 64.622, 63.2456, 64.846],
[26.0192, 24.0416, 25, 19.105, 19.4165, 19.9249, 5.38516, 17.0294, 2.82843, 19.6469, 9.84886, 18.868, 26.8328, 30.8869, 33.0606, 38.5876, 35.1283, 48.0937, 52, 54.1202, 57.0701, 59.2115, 21.1896, 23.1948, 21.3776, 26.9072, 24.7588, 27.6586, 22.6716, 17.2047, 17.8045, 21.0238, 21.4709, 17.6918, 19.2354, 22.561, 22.8035, 7.81025, 5.83095, 5.83095, 16.1245, 17.1172, 17.4642, 0, 6.32456, 1.41421, 20.6155, 22.3607, 22.4722, 7.2111, 11.4018, 6.7082, 17.6918, 20.6155, 19.8494, 23.7065, 26.5707, 25.632, 28.3019, 33.1059, 27.2947, 30.0167, 30.0666, 36.0139, 35.8469, 40.2244, 39.3573, 32.3883, 37, 32.3883, 46.3897, 46, 47.3814, 49.6588, 50.9215, 49.98, 51.8652, 51.6624, 55.0273, 57.7235, 54.5894, 56.5685, 56.4358, 56.0803, 58.0345],
[25, 28.178, 30.4138, 17, 16.4012, 26.2488, 10.6301, 23.1948, 4, 25.1794, 12.2066, 12.8062, 28.4253, 26.5707, 32.0156, 40.4599, 33.1361, 46.8722, 52.8394, 50.8035, 56.6127, 57.0088, 25.5539, 26.5707, 25.0799, 32.5576, 30.4795, 33.2415, 20.2485, 14.4222, 16.7631, 17.0294, 17.6918, 15.6525, 25.4951, 28.8617, 29.1204, 13.6015, 12.083, 12.083, 22, 23, 23.7697, 6.32456, 0, 5.83095, 25.7099, 28.0713, 27.6586, 10.7703, 14.7648, 9.84886, 12.2066, 14.8661, 14.2127, 25.4951, 27.4591, 26.6271, 23.7697, 29.1204, 23.0868, 28.8617, 29.1204, 34.7131, 37.6431, 42.45, 40.8044, 30.0167, 35.5106, 30.0167, 45.607, 44.4072, 46.5725, 50.774, 51.4296, 50.5371, 48.2701, 48.5077, 51.4198, 57.5847, 53.8516, 55.7853, 54.0093, 54.0833, 56.1427],
[27.074, 23.4094, 24.8395, 17.6918, 18.0278, 20.6155, 5, 18, 3.16228, 20.8806, 11.1803, 18.6011, 28.178, 31.305, 34.1321, 39.9625, 36.0555, 49.163, 53.3104, 54.8179, 58.2495, 60.1332, 20.6155, 22.3607, 20.6155, 26.8701, 24.7588, 27.5862, 21.2603, 15.8114, 16.4012, 19.6977, 20.1246, 16.2788, 20.0998, 23.3452, 23.5372, 7.81025, 6.32456, 6.32456, 17.2627, 18.2483, 18.2483, 1.41421, 5.83095, 0, 21.9317, 23.5372, 23.7697, 8.60233, 12.8062, 8.06226, 17.6918, 20.5183, 19.799, 25.0599, 27.8568, 26.9258, 28.6531, 33.6155, 27.7308, 31.0644, 31.1448, 37.054, 37.2156, 41.6173, 40.7063, 33.2415, 38.0132, 33.2415, 47.5184, 47.0106, 48.5077, 50.9902, 52.2015, 51.264, 52.4976, 52.3927, 55.6597, 58.9406, 55.7315, 57.7062, 57.3149, 57.0351, 59.0085],
[25.4558, 33.2415, 28.2843, 39.1152, 39.8246, 14, 21.4009, 9.21954, 21.8403, 3, 15.0333, 35.0571, 17.4642, 38.9487, 30.2324, 25.02, 34.8281, 43.0813, 40.0125, 55.6058, 48.6621, 56.3649, 30.4631, 34.8855, 32.6497, 28.0179, 26.0768, 29.0172, 42.72, 37.5899, 37.2022, 41.6293, 42.0476, 37.7359, 11, 13.3417, 14.3178, 19.799, 17.8045, 17.8045, 6.7082, 6.32456, 12.1655, 20.6155, 25.7099, 21.9317, 0, 5, 2, 15.1327, 12.0416, 16.1245, 32.249, 35.3553, 34.3657, 15.2643, 19.7231, 18.868, 37.5766, 39.6611, 35.7771, 28.4253, 27.8029, 33.2866, 23.0217, 25.318, 27.0185, 33.9411, 34.6699, 33.9411, 40.1622, 42.4853, 41.1096, 37.054, 40.05, 39.0512, 54.5619, 52.8015, 57.4891, 48.2597, 47.2969, 49.2443, 54.5894, 52.8015, 54.231],
[30.4138, 30.8869, 25, 39.8121, 40.8534, 10.4403, 21.9317, 7.07107, 24.0832, 3.16228, 18.6815, 38.4708, 22.3607, 43.566, 35.2278, 29.0689, 39.8246, 47.927, 44.0454, 60.6053, 53.1507, 61.2699, 28.3019, 33.0151, 30.8058, 24.3311, 22.561, 25.318, 43.382, 38.6264, 37.5899, 43.0116, 43.3244, 38.4838, 7.61577, 9, 10, 19.7231, 18.3848, 18.3848, 6.32456, 5.38516, 9.43398, 22.3607, 28.0713, 23.5372, 5, 0, 4.12311, 18.1108, 15.8114, 19.105, 35.9026, 39.0512, 38.0789, 20.2485, 24.6982, 23.8537, 42.0595, 44.4072, 40.3113, 33.4216, 32.8024, 38.2753, 27.2947, 29.0172, 31.257, 38.8973, 39.6611, 38.8973, 44.9444, 47.4131, 45.8803, 41.0122, 44.2832, 43.2897, 59.5483, 57.8014, 62.482, 52.6118, 51.923, 53.8516, 59.5399, 57.6975, 59.0931],
[26.9072, 34.0147, 28.6356, 40.8167, 41.5933, 14.1421, 23.0217, 9.84886, 23.7697, 3.60555, 17.0294, 37.054, 18.3576, 40.7063, 31.4006, 25.02, 36.1248, 43.8634, 40.0125, 56.8507, 49.0306, 57.2451, 31.305, 35.8469, 33.6155, 28.1603, 26.3059, 29.1548, 44.4185, 39.3573, 38.833, 43.4626, 43.8634, 39.4462, 11.1803, 13.0384, 14.0357, 21.2603, 19.4165, 19.4165, 7.81025, 7.2111, 12.6491, 22.4722, 27.6586, 23.7697, 2, 4.12311, 0, 17.1172, 14.0357, 18.1108, 34.2345, 37.3363, 36.3456, 16.4012, 20.8087, 20, 39.3954, 41.3401, 37.5766, 29.7321, 29.0689, 34.4093, 23.1948, 25.0799, 27.1662, 35.3836, 35.805, 35.3836, 40.8534, 43.4166, 41.7852, 37, 40.1995, 39.2046, 55.9017, 54.037, 58.7963, 48.5077, 47.8017, 49.7293, 55.5698, 53.6656, 55.0364],
[20.2237, 29.1548, 28.2312, 26.1725, 26.2488, 19.2094, 11.1803, 14.7648, 7.2111, 15.0333, 3, 20.3961, 19.6977, 28.3196, 27.074, 31.3847, 29.8329, 42.0119, 44.9444, 49.7695, 50.4876, 53.7587, 26.1725, 29.0172, 27, 29.5296, 27.2947, 30.4138, 29.6985, 24.0832, 25, 27.4591, 28.0179, 24.7588, 17.4929, 21.095, 21.6333, 12.0416, 9.05539, 9.05539, 12.6491, 13.6015, 16.4012, 7.2111, 10.7703, 8.60233, 15.1327, 18.1108, 17.1172, 0, 4.24264, 1, 18.0278, 21.1896, 20.2485, 16.5529, 19.6469, 18.6815, 26.1725, 30, 24.7588, 24.1868, 24.0832, 30.1496, 28.6531, 33.0151, 32.2025, 27.5136, 31.257, 27.5136, 40.05, 40.1995, 41.0488, 42.5441, 43.9659, 43.0116, 47.8539, 47.1699, 50.9902, 50.9902, 48.1664, 50.1597, 51.1957, 50.4876, 52.345],
[18.0278, 32, 30.0832, 30.4138, 30.4795, 19.2094, 14.8661, 14.1421, 11.4018, 12.6491, 3, 23.0217, 15.8114, 28.4253, 24.5153, 27.2947, 27.8568, 39.2046, 41.1096, 48.3011, 47.1699, 51.4198, 29, 32.249, 30.1496, 31.0161, 28.7924, 31.9531, 33.9411, 28.3196, 29.2062, 31.6228, 32.2025, 29, 16.9706, 20.5183, 21.2132, 15.1327, 12.1655, 12.1655, 11.4018, 12.2066, 16.4012, 11.4018, 14.7648, 12.8062, 12.0416, 15.8114, 14.0357, 4.24264, 0, 5, 20.2237, 23.3452, 22.3607, 12.6491, 16.1245, 15.1327, 26.6271, 29.6985, 25, 21.8403, 21.587, 27.6586, 24.5967, 28.8444, 28.2312, 25.9422, 28.8617, 25.9422, 37.0135, 37.6563, 38.0132, 38.6264, 40.2616, 39.2938, 46.6476, 45.618, 49.7393, 47.5184, 45.0111, 47.0106, 49.0408, 48.0521, 49.8197],
[20.0998, 29.2746, 28.6356, 25.4951, 25.4951, 20, 11.0454, 15.6525, 6.40312, 16.0312, 3.16228, 19.4165, 20.1246, 27.6586, 27.0185, 31.9061, 29.6142, 42, 45.31, 49.3964, 50.636, 53.6004, 26.3059, 29, 27.0185, 30.0167, 27.7849, 30.8869, 29, 23.3452, 24.4131, 26.6271, 27.2029, 24.0832, 18.3576, 21.9545, 22.4722, 12.1655, 9.21954, 9.21954, 13.6015, 14.5602, 17.2047, 6.7082, 9.84886, 8.06226, 16.1245, 19.105, 18.1108, 1, 5, 0, 17.088, 20.2485, 19.3132, 17, 19.9249, 18.9737, 25.4558, 29.4109, 24.0832, 24.0832, 24.0208, 30.0666, 29.1548, 33.6006, 32.6497, 27.2029, 31.1448, 27.2029, 40.1123, 40.1123, 41.1096, 42.9535, 44.2719, 43.3244, 47.4236, 46.8188, 50.5668, 51.1957, 48.2597, 50.2494, 50.9902, 50.3587, 52.2398],
[19.799, 40.3113, 42.5206, 25.02, 23.1948, 36.7151, 22.6716, 32.6956, 14.8661, 32.7567, 17.2627, 3.60555, 27.7308, 15.1327, 25.807, 39.1152, 25.0799, 39.3954, 48.8365, 40.05, 50.1199, 47.676, 37.7359, 38.4838, 37.1214, 44.5533, 42.4264, 45.2769, 27.2947, 22.0227, 26.0768, 21.8403, 22.8035, 24, 35.3412, 38.9102, 39.3573, 25.4558, 23.4307, 23.4307, 30.6757, 31.6228, 34, 17.6918, 12.2066, 17.6918, 32.249, 35.9026, 34.2345, 18.0278, 20.2237, 17.088, 0, 3.16228, 2.23607, 25.632, 25.5539, 25.0599, 12.1655, 18.0278, 12, 22.8035, 23.4307, 27.7849, 36.3593, 41.6773, 38.6005, 21.5407, 28.178, 21.5407, 38.9487, 36.4006, 39.8246, 47.3814, 46.8615, 46.0977, 37.2156, 38, 40.3113, 51.6236, 46.9574, 48.7545, 44.4072, 45.1221, 47.2969],
