/*********************************************
 * OPL 12.8.0.0 Model
 * Author: sebashc
 * Creation Date: 18/05/2018 at 4:11:38 p. m.
 *********************************************/
 execute
{
cplex.tilim=3000;
cplex.epgap=0.01;
} 
 
/***Constants***/
int depots=1; // Number of depots
int positions=116; // Number of current positions + (current positions + posibles positions)
int currentPositions=29; // Current positions
int vehicles=4; // Number of vehicles
//int maxCompartments=153; // Number of max compartments of the vehicle

/***Sets***/
range D=1..depots; // Set of depots
range V=1..depots+positions; // Set of vertices
range S=depots+1..depots+positions; // Set of current positions + posibles positions
range A=depots+1..depots+currentPositions; // Set of current positions
range K=1..vehicles; // Set of vehicles
//range M=1..maxCompartments; // Set of posibles configurations of compartments

/***Parametres***/
float c[V][V]=
[[0, 62.6099, 56.1427, 42.1545, 54.7083, 64.0312, 55.5698, 58, 39.3954, 45.2217, 33.3766, 36.6742, 37.855, 46.0109, 40.7063, 37.0135, 43.1045, 48.7647, 9.48683, 15.8114, 18.9737, 23.1948, 26.1725, 11.1803, 63.5138, 64.0312, 46.8722, 68.7677, 60.1664, 58.8982, 62.2656, 59.9416, 61.327, 54.4518, 53.0848, 56.4358, 44.2719, 45.6946, 43.0116, 51.2445, 51.8652, 57.28, 67.1863, 62.9365, 61.4003, 57.1402, 53, 59.1693, 58.0775, 58.0775, 61.0328, 38.2753, 42.9535, 37.3363, 47.8017, 41.7612, 47.7598, 36.4966, 34.9285, 30.4138, 40.025, 33.541, 37.2156, 36.3456, 37.3363, 39.5601, 49.0408, 43.0116, 45.0444, 37.5766, 43.8292, 37.1214, 34.0588, 40.0125, 40.05, 45.3982, 46.0435, 40.0125, 51.4198, 48.0521, 45.8803, 8.60233, 13.3417, 12.6491, 18.868, 14.3178, 13.4164, 16.1555, 21.9317, 20.1246, 23.7697, 26.1725, 20.2237, 27, 29.0689, 24.7386, 12.1655, 10.198, 11.1803, 66.2873, 63.6003, 61.9112, 65.9469, 65.9469, 66.4003, 45.2769, 43.566, 44.4185, 67.624, 67.897, 65.8559, 62.9682, 58.1893, 63.3246, 57.8014, 56.0803, 57.0088],
[62.6099, 0, 24, 20.8087, 11.7047, 13.4164, 8, 117.388, 101.98, 107.541, 94.921, 98.4327, 99.7246, 105.513, 103.31, 96.8401, 102.108, 110.86, 72.0139, 47.0106, 43.909, 77.9872, 39.0512, 73.7902, 7.61577, 13.4164, 31.9531, 26.4008, 44.0454, 14.8661, 3.60555, 3, 3, 21.095, 25.1794, 21, 19.799, 17.2047, 21.2132, 14.7648, 13.0384, 12.0416, 14.2127, 9.84886, 11.4018, 8.544, 11, 5.38516, 118.14, 116.709, 120.785, 100.722, 105.551, 99.8098, 109.932, 104, 110.168, 98.0816, 96.933, 92.1141, 101.951, 95.2733, 98.3514, 97.7394, 98.6813, 101.769, 108.171, 102.616, 105.361, 100.18, 106.438, 99.7296, 93.6803, 99.7246, 99.4585, 103.368, 105.262, 99.7246, 113.296, 109.786, 108.079, 71.1196, 75.6439, 75.1532, 43.8634, 48.3011, 49.1935, 46.5296, 40.7063, 42.4853, 80.2808, 79.9812, 76.0592, 40.3113, 37.4833, 38.833, 74.3236, 72.4983, 73.4098, 9.05539, 11.1803, 5, 16.1555, 16.1555, 12.3693, 34.7851, 34.2053, 34.4819, 28.6531, 22.8473, 24.1868, 46.0109, 45.8039, 45.2769, 12.2066, 15.2643, 13.0384],
[56.1427, 24, 0, 20.8087, 13.6015, 13.4164, 25.2982, 114.07, 94.1488, 100.623, 89.4539, 92.6553, 93.771, 102.044, 94.8314, 93.0484, 99.0051, 104.393, 65.3758, 43.2897, 38.0526, 64.8845, 30.0167, 66.6108, 31.1448, 36.4966, 46.0977, 49.2443, 62.1289, 35.7351, 27.074, 24.1868, 21, 3.60555, 3.16228, 3, 17.2047, 19.799, 17.4929, 13.0384, 14.7648, 12.0416, 15.8114, 15.5242, 13.3417, 28.1603, 26.4008, 26.4764, 114.215, 114.004, 117.154, 93.5575, 97.5141, 92.5743, 103.407, 97.3242, 102.961, 92.5419, 90.7965, 86.4697, 95.8853, 89.56, 93.3435, 92.4392, 93.4345, 95.1893, 105.019, 99.0454, 101.178, 92.1954, 97.9847, 91.444, 90.0222, 96.0469, 96.0208, 101.02, 102.02, 96.0469, 107.201, 103.947, 101.435, 63.6396, 69.3542, 68.469, 40.4475, 43.0465, 44.0454, 41.0488, 36.3456, 38.3275, 67.624, 66.1891, 63.6946, 29.2746, 27.074, 32.0624, 68.2642, 66.2722, 67.2681, 33.0151, 34.3657, 28.1603, 39.4588, 39.4588, 36.1248, 48.1041, 46.669, 47.3814, 50.9608, 45.8912, 46.5725, 64.6607, 63.0079, 64.1405, 32.573, 34.5398, 32.8938],
[42.1545, 20.8087, 20.8087, 0, 13.0384, 23, 15, 98.3107, 81.5414, 87.3155, 75, 78.4474, 79.6994, 86.3134, 82.7647, 77.4661, 83.0241, 90.7579, 51.6236, 26.9258, 23.2594, 57.3149, 18.3848, 53.3104, 23.6008, 26.4008, 26.4197, 36.4966, 43.4626, 22.8035, 21.2132, 18.4391, 19.2354, 17.4929, 19.105, 19.2354, 3.60555, 3.60555, 3.60555, 10.0499, 10.0499, 16, 26.0192, 21.2132, 20.025, 17.4929, 13.4164, 18.4391, 98.8433, 97.8673, 101.607, 80.4114, 85.0882, 79.4796, 89.8109, 83.8153, 89.8888, 78.1601, 76.844, 72.1249, 81.9085, 75.2861, 78.5875, 77.8845, 78.848, 81.5966, 89.1067, 83.3607, 85.9069, 79.7057, 85.9069, 79.2023, 74.3303, 80.4114, 80.2309, 84.5931, 86.1452, 80.4114, 93.3006, 89.8443, 87.9204, 50.5668, 55.3624, 54.7814, 23.7697, 27.8568, 28.7924, 26, 20.2485, 22.1359, 59.5483, 59.397, 55.3173, 20, 17.2047, 18.0278, 54.0833, 52.2015, 53.1413, 26.4008, 25.0599, 21.2603, 29.1548, 29.1548, 27.7849, 28.0179, 26.4008, 27.2029, 37.1214, 33.9559, 33.3766, 46.2385, 43.8292, 45.8803, 20.2485, 20.3961, 19.9249],
[54.7083, 11.7047, 13.6015, 13.0384, 0, 10.0499, 11.7047, 111.306, 93.984, 99.93, 87.8009, 91.214, 92.4446, 99.2975, 95.0789, 90.4268, 96.026, 103.446, 64.195, 39.8121, 35.7351, 68.0074, 29.5296, 65.7875, 18.0278, 23.0868, 34.0588, 35.6931, 49.2037, 22.1359, 14.1421, 11.0454, 8.94427, 10.198, 14.0357, 10.7703, 10.4403, 10.0499, 11.7047, 3.60555, 3, 3.16228, 13, 8.24621, 7, 14.5602, 13.0384, 13.0384, 111.803, 110.887, 114.586, 92.9731, 97.4987, 92.0272, 102.489, 96.4624, 102.46, 90.956, 89.56, 84.8999, 94.6414, 88.0568, 91.444, 90.7083, 91.6788, 94.255, 102.108, 96.3379, 98.8433, 92.1141, 98.2344, 91.5478, 87.2983, 93.3809, 93.2148, 97.6217, 99.1413, 93.3809, 106.042, 102.616, 100.578, 62.9682, 68.0074, 67.3573, 36.6742, 40.5216, 41.4849, 38.6005, 32.9848, 34.9285, 70.4557, 69.814, 66.2873, 30.2324, 27.4591, 30.0832, 66.7608, 64.846, 65.8027, 20.2237, 21.0238, 15.0333, 26.0768, 26.0768, 23.0217, 36.4006, 35.2278, 35.805, 37.3631, 32.3883, 32.9848, 51.614, 50.3289, 51.0392, 18.9737, 21.0238, 19.3132],
[64.0312, 13.4164, 13.4164, 23, 10.0499, 0, 18.4391, 121.062, 103.092, 109.202, 97.2934, 100.663, 101.868, 109.037, 104.062, 100.13, 105.802, 112.792, 73.4983, 49.4975, 45.1221, 75.8024, 38.2753, 75, 21.0238, 26.8328, 42.72, 39.8121, 56.5685, 27.8029, 17, 15, 10.8167, 12.0416, 15.8114, 10.8167, 20.0998, 20.0998, 21.2132, 13.0384, 13.0384, 7, 3.16228, 3.60555, 3.16228, 20.5183, 20.8087, 17.8045, 121.495, 120.702, 124.31, 102.201, 106.569, 101.242, 111.826, 105.773, 111.683, 100.439, 98.9545, 94.3663, 104.048, 97.5141, 101, 100.225, 101.203, 103.581, 111.879, 106.066, 108.503, 101.193, 107.224, 100.568, 97.0155, 103.097, 102.956, 107.466, 108.904, 103.097, 115.447, 112.058, 109.895, 72.1249, 77.3692, 76.6551, 46.3897, 50.01, 50.9902, 48.0521, 42.5793, 44.5533, 78.3901, 77.3886, 74.3034, 38.4838, 35.8469, 39.2938, 76.1577, 74.2159, 75.1864, 22.1359, 24.5967, 18.3576, 29.5466, 29.5466, 25.632, 45.2769, 44.2945, 44.7772, 42.0595, 36.2491, 37.5899, 58.7282, 58.0517, 58.0517, 24.8395, 27.5862, 25.4951],
[55.5698, 8, 25.2982, 15, 11.7047, 18.4391, 0, 109.636, 94.8262, 100.225, 87.4643, 91, 92.3093, 97.8008, 96.2549, 89.1852, 94.3716, 103.47, 64.8845, 39.8246, 37.2022, 72.1249, 33.3017, 66.7308, 8.60233, 12.1655, 24.5967, 24.1868, 38.2099, 10.4403, 6.7082, 5, 8.544, 21.8403, 25.4951, 22.4722, 15.2315, 11.6619, 16.5529, 13.0384, 11.0454, 13.8924, 20.2485, 15, 15.5563, 3, 3, 3.60555, 110.44, 108.908, 113.053, 93.4719, 98.4124, 92.5743, 102.552, 96.6644, 102.883, 90.6201, 89.5545, 84.6936, 94.541, 87.8465, 90.824, 90.2497, 91.1811, 94.4299, 100.424, 94.921, 97.719, 93.0591, 99.363, 92.6607, 86.0233, 92.0489, 91.7606, 95.5667, 97.5295, 92.0489, 105.849, 102.318, 100.722, 64.1405, 68.4251, 68, 36.7151, 41.3401, 42.19, 39.6611, 33.8378, 35.5106, 74.2765, 74.2765, 70.0357, 35, 32.2025, 32.5576, 67.082, 65.2993, 66.1891, 11.4018, 10.4403, 6.40312, 15.1327, 15.1327, 13, 27.313, 26.5707, 26.9258, 25.7099, 21.0238, 21.3776, 40.4599, 39.6232, 39.8246, 7.28011, 9.43398, 7.61577],
[58, 117.388, 114.07, 98.3107, 111.306, 121.062, 109.636, 0, 27.2029, 20.5183, 25.4951, 23.0868, 22.4722, 12.0416, 29.0689, 21.0238, 15.2971, 17.0294, 49.0918, 71.5681, 76.2365, 59.6154, 84.0536, 48.2597, 116.387, 115.169, 92.6121, 115.382, 97.6524, 109.786, 116.211, 114.477, 116.709, 112.219, 111.041, 114.215, 100.975, 101.607, 99.8499, 108.046, 108.342, 114.127, 124.169, 119.52, 118.229, 110.44, 106.738, 113.053, 3, 3, 3.60555, 25.5539, 26.1725, 26.4197, 17.6918, 21.6333, 20.6155, 22.8035, 25.2982, 28.4429, 21.0238, 25.7099, 21.3776, 22.561, 21.587, 22.8254, 9.21954, 15.0333, 13.1529, 28.8444, 27.5862, 30.2324, 24.0832, 18.0278, 18.1108, 14.3178, 12.1655, 18.0278, 14.4222, 14.8661, 19.105, 51.2445, 45.0999, 46.1736, 74.6726, 71.2531, 70.2567, 73.2462, 78.5175, 76.531, 56.8595, 60.8358, 58.5235, 85, 87.023, 82.2192, 46.0435, 48.0416, 47.0425, 118.903, 115.434, 115.521, 116.245, 116.245, 117.987, 89.8999, 89.0505, 89.4707, 113.177, 115.871, 113.159, 99.4032, 94.6256, 100.21, 109.731, 107.224, 108.784],
[39.3954, 101.98, 94.1488, 81.5414, 93.984, 103.092, 94.8262, 27.2029, 0, 7.28011, 11.4018, 9, 8.06226, 19.7231, 3, 17.0294, 20.2485, 11.4018, 29.9666, 55.0091, 58.3095, 33.7343, 64.846, 28.2312, 102.577, 102.626, 82.8794, 105.759, 92.4554, 97.3499, 101.533, 99.2824, 100.722, 92.8924, 91.0055, 94.8314, 83.5703, 85.0882, 82.28, 90.4765, 91.1811, 96.4624, 106.254, 102.181, 100.568, 96.2549, 92.1792, 98.4124, 25.5539, 29.0689, 28.6531, 3, 3.60555, 3.16228, 10.4403, 5.65685, 9, 10, 8.24621, 12.53, 7.61577, 10.4403, 12.0416, 11, 11.0454, 5.38516, 22.2036, 18.3848, 16.6433, 2, 5, 3.16228, 18.1108, 17.4642, 18.4391, 23.7697, 20.5913, 17.4642, 14.5602, 12.53, 8.544, 31.0161, 26.4197, 26.8328, 58.1378, 53.7122, 52.8015, 55.5428, 61.327, 59.5063, 30.8058, 34.4819, 33.2415, 65, 67.4463, 63.9062, 27.7849, 29.5296, 28.6531, 105.309, 102.396, 101.119, 104.293, 104.293, 105.152, 80.6598, 79.3095, 79.9812, 104.139, 105.423, 103.078, 94.8103, 89.8109, 95.4254, 96.566, 94.578, 95.7183],
[45.2217, 107.541, 100.623, 87.3155, 99.93, 109.202, 100.225, 20.5183, 7.28011, 0, 13.4536, 9.8995, 8.48528, 15.2971, 8.60233, 16.1555, 17, 4.12311, 35.7351, 60.5392, 64.195, 41, 71.0634, 34.2053, 107.782, 107.541, 87.0057, 110, 95.5249, 102.215, 106.93, 104.785, 106.405, 99.2472, 97.4936, 101.203, 89.493, 90.824, 88.2327, 96.4624, 97.0824, 102.489, 112.361, 108.157, 106.607, 101.518, 97.509, 103.788, 18.6011, 22.6716, 21.6333, 7.07107, 5.65685, 8.06226, 3.16228, 3.60555, 2.82843, 10.6301, 10.8167, 15.8114, 6.40312, 12.8062, 11.6619, 11.4018, 10.8167, 5.83095, 17.088, 15, 12.1655, 9.21954, 7.2111, 10.4403, 18.3576, 15.2971, 16.2788, 20.0998, 16.2788, 15.2971, 7.28011, 5.65685, 1.41421, 37.108, 31.9531, 32.573, 63.6946, 59.4643, 58.5235, 61.3514, 67.0671, 65.192, 38.0789, 41.7612, 40.4475, 71.3863, 73.7564, 69.9214, 33.2415, 35.1141, 34.176, 110.476, 107.424, 106.452, 109.078, 109.078, 110.145, 84.6463, 83.4086, 84.0238, 108.231, 109.859, 107.415, 97.7446, 92.7631, 98.4124, 101.597, 99.4786, 100.722],
[33.3766, 94.921, 89.4539, 75, 87.8009, 97.2934, 87.4643, 25.4951, 11.4018, 13.4536, 0, 3.60555, 5, 14.3178, 14.3178, 7.2111, 12.8062, 16.1245, 24.0832, 48.0833, 52.1728, 34.9857, 59.5399, 23, 94.8472, 94.414, 73.6003, 96.6075, 82.134, 89.0674, 94.1541, 92.1141, 93.9202, 87.8237, 86.3713, 89.8053, 77.3692, 78.4474, 76.1577, 84.4038, 84.8999, 90.471, 100.439, 96.0469, 94.5939, 88.6397, 84.6936, 91, 25.0799, 26.2488, 28.1603, 8.544, 14.3178, 8.24621, 15.2643, 9.8995, 16.2788, 3.16228, 3.16228, 3, 7.2111, 1, 4.12311, 3, 4, 7.81025, 17.4642, 11.6619, 12.3693, 11.0454, 16.1555, 12, 7.07107, 9.21954, 9.8995, 16.2788, 14.7648, 9.21954, 18.3848, 14.8661, 13.6015, 26, 20.0998, 21.0238, 51.2445, 47.2969, 46.3249, 49.2443, 54.8179, 52.8867, 32.45, 36.6197, 33.541, 60.208, 62.3939, 58.0517, 21.2132, 23.1948, 22.2036, 97.509, 94.3663, 93.6216, 95.8801, 95.8801, 97.0618, 71.218, 70, 70.6045, 94.8103, 96.5194, 94.0479, 84.386, 79.3977, 85.0412, 88.5494, 86.3539, 87.6584],
[36.6742, 98.4327, 92.6553, 78.4474, 91.214, 100.663, 91, 23.0868, 9, 9.8995, 3.60555, 0, 1.41421, 12.8062, 12, 8.06226, 12.2066, 12.53, 27.2947, 51.5461, 55.5428, 36.6742, 62.8013, 26.0768, 98.4124, 98.0051, 77.201, 100.21, 85.6329, 92.6607, 97.6934, 95.6347, 97.4064, 91.0824, 89.56, 93.0591, 80.7775, 81.9085, 79.555, 87.8009, 88.3233, 93.8616, 103.812, 99.4585, 97.9847, 92.1954, 88.2383, 94.541, 22.3607, 24.1661, 25.4951, 6, 11.4018, 6.08276, 11.6619, 6.40312, 12.7279, 1, 2.23607, 6.32456, 3.60555, 3.16228, 3.16228, 2, 2.23607, 4.47214, 15.8114, 10.6301, 10.2956, 9.21954, 13.3417, 10.4403, 9.21954, 8.94427, 9.84886, 15.8114, 13.4536, 8.94427, 14.8661, 11.4018, 10, 29.0689, 23.3452, 24.1868, 54.7083, 50.6952, 49.7293, 52.6308, 58.2409, 56.3205, 34, 38.0789, 35.4683, 63.3877, 65.6201, 61.3922, 24.5153, 26.4764, 25.4951, 101.079, 97.949, 97.17, 99.4786, 99.4786, 100.648, 74.8131, 73.6003, 74.2024, 98.4073, 100.125, 97.6524, 87.8635, 82.8794, 88.5268, 92.1303, 89.9444, 91.2414],
[37.855, 99.7246, 93.771, 79.6994, 92.4446, 101.868, 92.3093, 22.4722, 8.06226, 8.48528, 5, 1.41421, 0, 12.7279, 11.0454, 9, 12.53, 11.1803, 28.4429, 52.811, 56.7539, 37.1618, 63.9531, 27.1662, 99.7447, 99.363, 78.6003, 101.607, 87.046, 94.0213, 99.0051, 96.933, 98.6813, 92.228, 90.6697, 94.2019, 82.0061, 83.1685, 80.7775, 89.0225, 89.56, 95.0789, 105.019, 100.688, 99.2018, 93.5201, 89.5545, 95.8541, 21.587, 23.7065, 24.7386, 5.09902, 10.198, 5.38516, 10.2956, 5, 11.3137, 2.23607, 3, 7.61577, 2.23607, 4.47214, 4, 3.16228, 3, 3.16228, 15.6205, 10.8167, 10, 8.544, 12.1655, 9.84886, 10.4403, 9.48683, 10.4403, 16.1245, 13.4536, 9.48683, 13.6015, 10.198, 8.60233, 30.1496, 24.5153, 25.318, 55.9732, 51.923, 50.9608, 53.8516, 59.4811, 57.5674, 34.4384, 38.4708, 36.0555, 64.4981, 66.7533, 62.5859, 25.7099, 27.6586, 26.6833, 102.416, 99.2975, 98.4886, 100.846, 100.846, 102, 76.2168, 75, 75.6042, 99.8098, 101.514, 99.0454, 89.2749, 84.2912, 89.9389, 93.4773, 91.3017, 92.5905],
[46.0109, 105.513, 102.044, 86.3134, 99.2975, 109.037, 97.8008, 12.0416, 19.7231, 15.2971, 14.3178, 12.8062, 12.7279, 0, 22.3607, 9, 3.60555, 14.0357, 37.2156, 59.5399, 64.195, 49.2443, 72.0278, 36.4966, 104.676, 103.619, 81.4125, 104.317, 87.4586, 98.2344, 104.403, 102.616, 104.785, 100.18, 99.0202, 102.176, 88.955, 89.627, 87.8237, 96.026, 96.3379, 102.108, 112.147, 107.517, 106.212, 98.6712, 94.921, 101.242, 12.6491, 12.1655, 15.2971, 17.2047, 20.2485, 17.8045, 14, 14.3178, 17.0294, 12.2066, 15, 17.088, 12.2066, 14.7648, 10.2956, 11.6619, 10.8167, 14.4222, 3.16228, 3, 3.16228, 20.8087, 22.1359, 22.2036, 12.0416, 6, 6.08276, 5.09902, 1, 6, 13.6015, 11.0454, 14.1421, 39.4588, 33.2415, 34.3657, 62.6498, 59.2115, 58.2151, 61.2046, 66.4831, 64.4981, 46.6476, 50.774, 47.8539, 73.0069, 75.0067, 70.1783, 34.1321, 36.1248, 35.1283, 107.224, 103.817, 103.74, 104.785, 104.785, 106.405, 78.7718, 77.8267, 78.2943, 102.215, 104.657, 102, 89.3756, 84.5044, 90.1388, 98.0816, 95.6347, 97.1442],
[40.7063, 103.31, 94.8314, 82.7647, 95.0789, 104.062, 96.2549, 29.0689, 3, 8.60233, 14.3178, 12, 11.0454, 22.3607, 0, 20.025, 23.0868, 12.53, 31.3847, 56.4358, 59.5063, 33.2415, 65.7875, 29.5296, 104.101, 104.293, 84.8999, 107.713, 94.8103, 99.0454, 102.956, 100.648, 101.98, 93.6803, 91.6788, 95.6033, 84.6936, 86.3308, 83.3847, 91.5478, 92.3093, 97.4987, 107.224, 103.247, 101.592, 97.7548, 93.6483, 99.8499, 27.2029, 31.1127, 30.2324, 6, 3.16228, 6.08276, 11.6619, 8.06226, 9.48683, 13, 11.1803, 15.2315, 10.4403, 13.3417, 15.0333, 14, 14.0357, 8.24621, 24.6982, 21.1896, 19.2354, 3.60555, 3.16228, 3.60555, 21.095, 20.3961, 21.3776, 26.5707, 23.2594, 20.3961, 15.6525, 14.2127, 10, 32.2025, 28.0179, 28.3019, 59.5399, 55.0091, 54.1202, 56.7979, 62.6099, 60.8276, 30.2655, 33.7343, 33.0151, 65.8027, 68.3081, 65, 29.4109, 31.0644, 30.2324, 106.85, 104.01, 102.577, 106.019, 106.019, 106.78, 82.7345, 81.3449, 82.0366, 106.151, 107.299, 104.995, 97.2008, 92.2009, 97.8008, 98.1835, 96.2601, 97.3499],
[37.0135, 96.8401, 93.0484, 77.4661, 90.4268, 100.13, 89.1852, 21.0238, 17.0294, 16.1555, 7.2111, 8.06226, 9, 9, 20.025, 0, 6.32456, 17.2047, 28.2843, 50.636, 55.2268, 41.6173, 63.0317, 27.6586, 96.2081, 95.3415, 73.5731, 96.566, 80.6598, 89.9611, 95.8175, 93.9628, 96.0469, 91.1976, 90.0222, 93.1933, 80.0625, 80.8084, 78.9177, 87.1321, 87.4757, 93.2148, 103.247, 98.656, 97.3242, 90.1388, 86.3308, 92.6553, 21.3776, 21.095, 24.1868, 14.0357, 19.105, 14.1421, 16.6433, 13.3417, 18.7883, 7.07107, 9.48683, 9.21954, 10.198, 8.06226, 5, 6.08276, 6, 12.0416, 12.0416, 6, 8.544, 17.2627, 21.095, 18.4391, 3.16228, 3, 3.16228, 9.43398, 9.05539, 3, 18.3848, 14.8661, 15.6525, 30.5941, 24.3311, 25.4951, 53.7587, 50.2494, 49.2544, 52.2398, 57.5587, 55.5788, 39.2046, 43.4166, 39.9625, 64.0078, 66.0076, 61.2046, 25.1794, 27.1662, 26.1725, 98.7927, 95.462, 95.1893, 96.6075, 96.6075, 98.0867, 71.0211, 69.9714, 70.4911, 94.578, 96.7471, 94.1541, 82.7345, 77.7946, 83.4506, 89.6939, 87.3212, 88.7694],
[43.1045, 102.108, 99.0051, 83.0241, 96.026, 105.802, 94.3716, 15.2971, 20.2485, 17, 12.8062, 12.2066, 12.53, 3.60555, 23.0868, 6.32456, 0, 16.4924, 34.5254, 56.3205, 61.0737, 47.7074, 69, 33.9559, 101.193, 100.09, 77.8267, 100.722, 83.8689, 94.7048, 100.96, 99.2018, 101.415, 97.0824, 96, 99.0808, 85.7088, 86.3134, 84.5931, 92.7793, 93.0591, 98.8585, 108.904, 104.235, 102.956, 95.2103, 91.4822, 97.8008, 16.1555, 15, 18.6815, 17.4642, 21.3776, 17.8885, 16.2788, 15.2971, 19.105, 11.4018, 14.2127, 15.2643, 12.6491, 13.4536, 9.21954, 10.6301, 10, 14.8661, 6.08276, 2, 5.38516, 21.0238, 23.3452, 22.3607, 9.05539, 3.60555, 3.16228, 3.60555, 3.16228, 3.60555, 16.5529, 13.6015, 16.0312, 36.8782, 30.5941, 31.7805, 59.4138, 56.0803, 55.0818, 58.0775, 63.2851, 61.2944, 45.2217, 49.4065, 46.1411, 70.0643, 72.0069, 67.0671, 31.4006, 33.3766, 32.3883, 103.73, 100.305, 100.285, 101.237, 101.237, 102.883, 75.1798, 74.2428, 74.7061, 98.6154, 101.074, 98.4124, 85.7963, 80.9197, 86.5563, 94.578, 92.1141, 93.6376],
[48.7647, 110.86, 104.393, 90.7579, 103.446, 112.792, 103.47, 17.0294, 11.4018, 4.12311, 16.1245, 12.53, 11.1803, 14.0357, 12.53, 17.2047, 16.4924, 0, 39.2938, 63.9062, 67.72, 45.1221, 74.7329, 37.855, 110.923, 110.535, 89.627, 112.645, 97.5807, 105.19, 110.168, 108.079, 109.786, 102.961, 101.272, 104.924, 93.0054, 94.2444, 91.7606, 100, 100.578, 106.042, 115.948, 111.683, 110.164, 104.695, 100.722, 107.019, 14.8661, 19.4165, 17.8045, 11, 9.43398, 12, 1, 7.07107, 3.60555, 13.0384, 13.9284, 18.7883, 8.94427, 15.6525, 13.4536, 13.6015, 12.8062, 9.21954, 15.1327, 14.5602, 11.1803, 13.3417, 10.6301, 14.5602, 19.8494, 15.6525, 16.5529, 19.105, 15.0333, 15.6525, 3.16228, 3, 3, 40.7922, 35.4401, 36.1386, 67.0671, 62.9365, 61.9839, 64.846, 70.5195, 68.6222, 42.2019, 45.8803, 44.5533, 75.1332, 77.4661, 73.4983, 36.6879, 38.6005, 37.6431, 113.596, 110.476, 109.659, 112.004, 112.004, 113.177, 87.2009, 86.0233, 86.6083, 110.802, 112.606, 110.114, 99.7246, 94.7629, 100.419, 104.657, 102.474, 103.769],
[9.48683, 72.0139, 65.3758, 51.6236, 64.195, 73.4983, 64.8845, 49.0918, 29.9666, 35.7351, 24.0832, 27.2947, 28.4429, 37.2156, 31.3847, 28.2843, 34.5254, 39.2938, 0, 25.0599, 28.4605, 20.8806, 35.5106, 2.23607, 72.7186, 73.0069, 54.6717, 77.0779, 66.6483, 67.8012, 71.5891, 69.3181, 70.7743, 63.7887, 62.2896, 65.7647, 53.7587, 55.1543, 52.4976, 60.7289, 61.3514, 66.7608, 76.6551, 72.4224, 70.8802, 66.3702, 62.2656, 68.4763, 49, 49.366, 52.0096, 28.7924, 33.541, 27.8568, 38.3275, 32.28, 38.2753, 27.1662, 25.4951, 21.095, 30.5941, 24.1868, 28.0179, 27.074, 28.0713, 30.0832, 40.3113, 34.2345, 36.0139, 28.178, 34.4819, 27.7849, 25.4951, 31.257, 31.4006, 37.108, 37.3363, 31.257, 41.9762, 38.6394, 36.4006, 2.82843, 4, 3.16228, 28.178, 23.7697, 22.8473, 25.632, 31.3847, 29.5466, 20.2237, 23.7697, 18.0278, 36.1248, 38.3275, 34.2053, 3.16228, 1.41421, 2.23607, 75.4718, 72.6705, 71.1969, 74.8131, 74.8131, 75.452, 52.8015, 51.225, 52.0096, 75.743, 76.4199, 74.2496, 69.3181, 64.405, 69.7711, 66.8506, 65, 66.0303],
[15.8114, 47.0106, 43.2897, 26.9258, 39.8121, 49.4975, 39.8246, 71.5681, 55.0091, 60.5392, 48.0833, 51.5461, 52.811, 59.5399, 56.4358, 50.636, 56.3205, 63.9062, 25.0599, 0, 5.83095, 35.7771, 14.3178, 26.9258, 47.7074, 48.2701, 32.6956, 53.6004, 47.8539, 43.1856, 46.5296, 44.2832, 45.8803, 41.0488, 40.4475, 43.0465, 29.4279, 30.3645, 28.2843, 36.4966, 36.8782, 42.5793, 52.6118, 48.0521, 46.6905, 41.3401, 37.2156, 43.4166, 72.0069, 71.2531, 74.8131, 53.7122, 58.5918, 52.8015, 62.9682, 57.0088, 63.1585, 51.2445, 49.98, 45.2217, 55.0273, 48.3839, 51.6624, 50.9608, 51.923, 54.7814, 62.3939, 56.5685, 59.0339, 53.2353, 59.5399, 52.8394, 47.5184, 53.6004, 53.4603, 58.0775, 59.4138, 53.6004, 66.4078, 62.9365, 61.0983, 24.4131, 28.6356, 28.178, 3.16228, 3, 3.16228, 3.60555, 7, 5, 37.2156, 38.4838, 33.121, 16.6433, 17.4642, 11.4018, 27.313, 25.4951, 26.4008, 50.4777, 47.8017, 46.1411, 50.2494, 50.2494, 50.6063, 31.6228, 29.7321, 30.6757, 52.6973, 52.4976, 50.6063, 50.8035, 46.3897, 50.9902, 42.0119, 40.3609, 41.2311],
[18.9737, 43.909, 38.0526, 23.2594, 35.7351, 45.1221, 37.2022, 76.2365, 58.3095, 64.195, 52.1728, 55.5428, 56.7539, 64.195, 59.5063, 55.2268, 61.0737, 67.72, 28.4605, 5.83095, 0, 35.805, 8.544, 30.0832, 45.4533, 46.6905, 33.9559, 53.3385, 50.1597, 41.8688, 43.8292, 41.3401, 42.4853, 36.0139, 35.1283, 38.0132, 25.2982, 26.8328, 24.0416, 32.28, 32.8938, 38.3275, 48.2701, 43.9659, 42.45, 39.0512, 34.8281, 40.8044, 76.531, 76.0592, 79.404, 57.2451, 61.8466, 56.3028, 66.7608, 60.7289, 66.7308, 55.3173, 53.8516, 49.2443, 58.9406, 52.3927, 55.9017, 55.109, 56.0892, 58.5235, 67.1193, 61.2046, 63.5059, 56.4624, 62.6498, 55.9464, 52.1536, 58.2151, 58.1378, 63, 64.1249, 58.2151, 70.342, 66.9403, 64.846, 27.313, 32.28, 31.6228, 4.47214, 5, 6, 3, 3.60555, 3, 37.6431, 38.2753, 33.4216, 10.8167, 11.7047, 6, 31.0483, 29.1204, 30.0832, 48.2701, 45.9674, 43.6005, 48.9183, 48.9183, 48.7955, 33.3766, 31.4006, 32.3883, 52.7731, 51.8652, 50.2494, 53.1507, 49.0102, 53.2353, 40.3113, 39.0512, 39.6232],
[23.1948, 77.9872, 64.8845, 57.3149, 68.0074, 75.8024, 72.1249, 59.6154, 33.7343, 41, 34.9857, 36.6742, 37.1618, 49.2443, 33.2415, 41.6173, 47.7074, 45.1221, 20.8806, 35.7771, 35.805, 0, 38.9487, 19.3132, 80.6226, 82.3286, 68.4471, 89.0449, 82.8613, 77.6209, 78.5175, 75.743, 76.0592, 64.4127, 61.7414, 66.1891, 58.258, 60.8769, 56.8507, 64.405, 65.6049, 69.8928, 78.8923, 75.7166, 73.7835, 74.2765, 70.0357, 75.6637, 58.5235, 60.8358, 61.6847, 34.4819, 36.3456, 33.5261, 44.1475, 38.6005, 42.5793, 37.1214, 34.4384, 32.45, 38.6264, 34.4819, 38.9487, 37.5899, 38.4708, 37, 52.3546, 46.6476, 46.9574, 31.7805, 36.1248, 30.5941, 39.8246, 44.1022, 44.6542, 51.0392, 49.7393, 44.1022, 48.2701, 45.8803, 42.2019, 18.4391, 22.3607, 21.0238, 38.0789, 33.121, 32.6497, 34.1321, 39.4081, 38.2753, 3, 3, 3, 37.8021, 40.6079, 39.6232, 22.8473, 22.1359, 22.4722, 83.4506, 81.4678, 78.492, 84.6463, 84.6463, 84.2912, 67.2309, 65.3911, 66.3099, 88.3233, 87.6584, 85.9826, 85.7263, 81.0432, 86.0233, 75.9276, 74.8131, 75.2861],
[26.1725, 39.0512, 30.0167, 18.3848, 29.5296, 38.2753, 33.3017, 84.0536, 64.846, 71.0634, 59.5399, 62.8013, 63.9531, 72.0278, 65.7875, 63.0317, 69, 74.7329, 35.5106, 14.3178, 8.544, 38.9487, 0, 36.8782, 41.8688, 44.1022, 36, 52.5547, 53.1507, 39.8246, 39.598, 36.7967, 37.2022, 28.2843, 27, 30.2655, 19.4165, 21.9317, 18.0278, 25.9422, 26.9258, 31.7805, 41.4367, 37.5766, 35.8469, 35.609, 31.4006, 36.7967, 84.214, 84, 87.1436, 64.0312, 68.3081, 63.0635, 73.7564, 67.6831, 73.4983, 62.6498, 61, 56.5685, 66.0984, 59.6825, 63.3877, 62.514, 63.5059, 65.5134, 75.0067, 69.029, 71.1758, 62.9365, 68.9493, 62.2977, 60.0083, 66.0303, 66.0076, 71.0634, 72.0069, 66.0303, 77.4661, 74.1485, 71.8053, 33.9559, 39.4588, 38.6394, 12.2066, 13.3417, 14.3178, 11.4018, 8.48528, 10, 41.2311, 41.0122, 37.0135, 3.16228, 3.16228, 3.60555, 38.3275, 36.3456, 37.3363, 44.6878, 43.0116, 39.6232, 46.6476, 46.6476, 45.8039, 36.1248, 34.1321, 35.1283, 52.4976, 50.5668, 49.3964, 56.1427, 52.469, 56.0803, 37.7359, 37.1214, 37.2156],
[11.1803, 73.7902, 66.6108, 53.3104, 65.7875, 75, 66.7308, 48.2597, 28.2312, 34.2053, 23, 26.0768, 27.1662, 36.4966, 29.5296, 27.6586, 33.9559, 37.855, 2.23607, 26.9258, 30.0832, 19.3132, 36.8782, 0, 74.6257, 75, 56.8507, 79.2086, 68.884, 69.814, 73.4302, 71.1196, 72.4983, 65.1153, 63.5059, 67.082, 55.3624, 56.8595, 54.0833, 62.2977, 62.9682, 68.3081, 78.1601, 74, 72.4224, 68.2642, 64.1405, 70.3278, 48.0416, 48.6621, 51.0882, 27.2029, 31.7805, 26.2488, 36.8782, 30.8058, 36.6879, 26.0192, 24.1868, 20, 29.2746, 23.0217, 27.0185, 26, 27, 28.6356, 39.6232, 33.541, 35.1283, 26.4008, 32.6497, 25.9422, 25, 30.5941, 30.8058, 36.6879, 36.6742, 30.5941, 40.6079, 37.3363, 34.9285, 3, 3.60555, 2.23607, 30.0167, 25.4951, 24.5967, 27.313, 33.1059, 31.305, 18.4391, 22.1359, 16.5529, 37.3363, 39.6232, 35.7351, 3.60555, 3, 3.16228, 77.3886, 74.6324, 73.0616, 76.8375, 76.8375, 77.4209, 55, 53.4135, 54.2033, 77.8974, 78.5175, 76.3675, 71.5542, 66.6408, 72.0069, 68.8186, 67.0075, 68.0074],
[63.5138, 7.61577, 31.1448, 23.6008, 18.0278, 21.0238, 8.60233, 116.387, 102.577, 107.782, 94.8472, 98.4124, 99.7447, 104.676, 104.101, 96.2081, 101.193, 110.923, 72.7186, 47.7074, 45.4533, 80.6226, 41.8688, 74.6257, 0, 5.83095, 27.2947, 18.7883, 37.4433, 8.544, 4.12311, 7, 10.4403, 28.0179, 32, 28.1603, 23.7065, 20.2485, 25.0599, 20.3961, 18.4391, 19.105, 21.6333, 17.4642, 18.9737, 6.40312, 10.6301, 5.38516, 117.324, 115.521, 119.854, 101.119, 106.174, 100.24, 110.023, 104.202, 110.476, 97.9898, 97.0464, 92.1358, 101.98, 95.2733, 98.0867, 97.5756, 98.4886, 101.966, 107.205, 101.843, 104.752, 100.846, 107.187, 100.499, 93.0484, 99.0202, 98.6813, 102.201, 104.355, 99.0202, 113.217, 109.659, 108.227, 72.111, 76.1577, 75.8024, 44.6542, 49.4065, 50.2195, 47.8017, 42.0119, 43.6005, 82.7345, 82.807, 78.492, 43.6005, 40.8044, 41.0122, 74.793, 73.0616, 73.9256, 2.82843, 3.60555, 3, 8.544, 8.544, 5, 30.2655, 30.0666, 30.1496, 21.095, 15.2315, 16.6433, 39.2046, 39.4462, 38.4187, 7, 10.0499, 8],
[64.0312, 13.4164, 36.4966, 26.4008, 23.0868, 26.8328, 12.1655, 115.169, 102.626, 107.541, 94.414, 98.0051, 99.363, 103.619, 104.293, 95.3415, 100.09, 110.535, 73.0069, 48.2701, 46.6905, 82.3286, 44.1022, 75, 5.83095, 0, 24.0208, 13, 32.249, 5.38516, 9.84886, 12.3693, 16.1555, 33.2415, 37.1214, 33.541, 27.2029, 23.4094, 28.4605, 25.02, 23.0217, 24.5153, 27.4591, 23.2594, 24.6982, 9.21954, 13, 10.0499, 116.245, 114.162, 118.68, 101.02, 106.231, 100.17, 109.659, 103.942, 110.277, 97.5295, 96.7471, 91.7878, 101.597, 94.8947, 97.4936, 97.0618, 97.949, 101.71, 106.042, 100.846, 103.87, 100.955, 107.336, 100.688, 92.1954, 98.0867, 97.6934, 100.901, 103.247, 98.0867, 112.712, 109.128, 107.912, 72.6223, 76.2758, 76.0263, 45.3431, 50.2494, 50.9902, 48.7955, 43.1393, 44.5533, 84.2912, 84.6463, 80.0562, 46.1411, 43.4166, 42.8019, 74.8866, 73.2393, 74.0608, 5.83095, 2.23607, 8.544, 3, 3, 3, 27.0185, 27.1662, 27.074, 15.2643, 9.48683, 10.8167, 33.8378, 34.4384, 33.0151, 6.40312, 8.06226, 7.07107],
[46.8722, 31.9531, 46.0977, 26.4197, 34.0588, 42.72, 24.5967, 92.6121, 82.8794, 87.0057, 73.6003, 77.201, 78.6003, 81.4125, 84.8999, 73.5731, 77.8267, 89.627, 54.6717, 32.6956, 33.9559, 68.4471, 36, 56.8507, 27.2947, 24.0208, 0, 23.0217, 17.4642, 19.0263, 29.1204, 29.1548, 33.1059, 42.5206, 45, 43.8634, 29.6816, 26.4008, 30.0167, 33.2415, 31.8277, 37.0135, 44.7772, 39.4462, 39.6611, 23.4094, 21.9545, 26.5707, 93.9149, 91.3893, 96.1769, 80.9197, 86.4523, 80.1561, 88.8144, 83.4086, 89.8109, 76.6094, 76.2168, 71.218, 80.8022, 74.2024, 76.2758, 76.0263, 76.844, 81.2158, 83.6301, 78.7718, 81.9878, 81.3941, 87.7838, 81.3449, 70.4911, 76.1577, 75.6637, 78.2943, 80.9506, 76.1577, 91.526, 87.9204, 87.2009, 55, 57.3149, 57.3847, 30.6757, 35.4683, 35.8469, 34.7851, 30.5941, 31.0483, 69.7711, 71.1758, 65.7419, 39.0128, 37.1214, 33.0606, 55.9017, 54.5619, 55.2268, 29.0689, 25.02, 27.8927, 24.3311, 24.3311, 27.0185, 3, 3.60555, 3.16228, 21.2603, 23.2594, 20.5913, 20.3961, 17.4642, 20.2237, 20.3961, 17.2627, 19.4165],
[68.7677, 26.4008, 49.2443, 36.4966, 35.6931, 39.8121, 24.1868, 115.382, 105.759, 110, 96.6075, 100.21, 101.607, 104.317, 107.713, 96.566, 100.722, 112.645, 77.0779, 53.6004, 53.3385, 89.0449, 52.5547, 79.2086, 18.7883, 13, 23.0217, 0, 23.3452, 14, 22.8473, 25.2982, 29.1548, 45.8912, 49.6488, 46.3249, 38.1182, 34.1321, 39.2046, 37.2156, 35.2278, 37.3631, 40.3113, 36.2491, 37.6962, 21.2132, 24, 22.8035, 116.765, 114.061, 118.962, 103.856, 109.343, 103.078, 111.83, 106.4, 112.801, 99.6243, 99.2018, 94.2019, 103.812, 97.2008, 99.2975, 99.0454, 99.8649, 104.202, 106.471, 101.71, 104.957, 104.235, 110.635, 104.139, 93.4933, 99.1262, 98.6154, 101.074, 103.832, 99.1262, 114.547, 110.941, 110.209, 77.1557, 79.9312, 79.9062, 51.0392, 56.0357, 56.6127, 54.9181, 49.7393, 50.774, 90.6973, 91.586, 86.5332, 55.0273, 52.4976, 50.5668, 78.5175, 77.0779, 77.7946, 18.0278, 15.2315, 21.5407, 10.2956, 10.2956, 14.4222, 25.5539, 26.6271, 26.0768, 3.16228, 3.60555, 3.16228, 24.0416, 26.1725, 23.0868, 17.0294, 16.1245, 17],
[60.1664, 44.0454, 62.1289, 43.4626, 49.2037, 56.5685, 38.2099, 97.6524, 92.4554, 95.5249, 82.134, 85.6329, 87.046, 87.4586, 94.8103, 80.6598, 83.8689, 97.5807, 66.6483, 47.8539, 50.1597, 82.8613, 53.1507, 68.884, 37.4433, 32.249, 17.4642, 23.3452, 0, 29.2062, 40.6079, 41.7732, 46.0109, 58.5235, 61.4003, 59.6406, 46.5188, 42.9418, 47.0106, 49.0918, 47.4342, 51.8556, 58.0517, 53.0377, 53.7587, 36.0694, 36.2353, 38.9487, 99.4032, 95.9635, 101.257, 90.1388, 95.901, 89.4986, 96.8762, 92.0217, 98.3514, 84.8999, 85.0412, 80.1561, 89.1403, 82.8794, 84.1487, 84.1724, 84.8646, 89.9389, 89.202, 85.1469, 88.6172, 91.214, 97.4526, 91.4002, 77.7946, 82.8794, 82.2192, 83.6002, 86.8332, 82.8794, 99.0353, 95.483, 95.483, 67.5426, 68.6003, 68.9638, 46.3897, 50.8035, 50.9902, 50.4876, 47.0425, 47.1699, 83.8153, 85.7263, 80.0062, 56.2228, 54.4518, 50.04, 67.2309, 66.242, 66.7308, 38.0789, 34.1321, 39.2046, 30.8707, 30.8707, 34.8855, 17.0294, 19.0263, 18.0278, 20.2237, 25.9615, 23.0868, 3, 3.16228, 3.16228, 31.8904, 29, 31.1448],
[58.8982, 14.8661, 35.7351, 22.8035, 22.1359, 27.8029, 10.4403, 109.786, 97.3499, 102.215, 89.0674, 92.6607, 94.0213, 98.2344, 99.0454, 89.9611, 94.7048, 105.19, 67.8012, 43.1856, 41.8688, 77.6209, 39.8246, 69.814, 8.544, 5.38516, 19.0263, 14, 29.2062, 0, 11.4018, 12.8062, 17.0294, 32.28, 35.9026, 32.8938, 24.1868, 20.2237, 25.318, 23.3452, 21.3776, 24.1661, 29, 24.2074, 25.2389, 7.61577, 10, 10, 110.86, 108.784, 113.296, 95.7183, 100.955, 94.8736, 104.317, 98.6154, 104.957, 92.1792, 91.4166, 86.4523, 96.2549, 89.5545, 92.1303, 91.7061, 92.5905, 96.3846, 100.658, 95.462, 98.4886, 95.6922, 102.078, 95.4411, 86.8159, 92.7038, 92.3093, 95.5196, 97.8621, 92.7038, 107.355, 103.769, 102.577, 67.4759, 71.0282, 70.8025, 40.3113, 45.2548, 45.9674, 43.8634, 38.2884, 39.6232, 79.511, 80, 75.2861, 42.0476, 39.3954, 38.2753, 69.6348, 68.0074, 68.8186, 10.0499, 6, 10, 7.07107, 7.07107, 8.24621, 22.0227, 22.0227, 22, 15.2971, 11.1803, 11.0454, 31.1448, 31.0644, 30.4138, 3.16228, 2.82843, 3],
[62.2656, 3.60555, 27.074, 21.2132, 14.1421, 17, 6.7082, 116.211, 101.533, 106.93, 94.1541, 97.6934, 99.0051, 104.403, 102.956, 95.8175, 100.96, 110.168, 71.5891, 46.5296, 43.8292, 78.5175, 39.598, 73.4302, 4.12311, 9.84886, 29.1204, 22.8473, 40.6079, 11.4018, 0, 3.16228, 6.32456, 24, 28.0179, 24.0832, 20.8087, 17.6918, 22.2036, 16.7631, 14.8661, 15.0333, 17.8045, 13.4164, 14.8661, 6, 9.48683, 3.16228, 117.047, 115.447, 119.641, 100.18, 105.119, 99.2824, 109.252, 103.368, 109.59, 97.3088, 96.2549, 91.3893, 101.237, 94.541, 97.4987, 96.933, 97.8621, 101.134, 107.005, 101.533, 104.355, 99.7647, 106.066, 99.363, 92.6553, 98.6712, 98.3717, 102.108, 104.12, 98.6712, 112.539, 109.005, 107.424, 70.8308, 75.1332, 74.7061, 43.4166, 48.0208, 48.8774, 46.3249, 40.4969, 42.19, 80.7217, 80.6102, 76.4853, 41.1096, 38.2884, 39.0512, 73.7902, 72.0069, 72.8972, 6.08276, 7.61577, 1.41421, 12.6491, 12.6491, 9.05539, 32.0156, 31.5753, 31.7805, 25.0599, 19.3132, 20.5913, 42.5206, 42.4382, 41.7732, 8.94427, 12.083, 9.84886],
[59.9416, 3, 24.1868, 18.4391, 11.0454, 15, 5, 114.477, 99.2824, 104.785, 92.1141, 95.6347, 96.933, 102.616, 100.648, 93.9628, 99.2018, 108.079, 69.3181, 44.2832, 41.3401, 75.743, 36.7967, 71.1196, 7, 12.3693, 29.1548, 25.2982, 41.7732, 12.8062, 3.16228, 0, 4.24264, 21.0238, 25, 21.2132, 17.8045, 14.8661, 19.2094, 13.6015, 11.7047, 12.1655, 16.2788, 11.4018, 12.53, 5.83095, 8, 2.82843, 115.248, 113.78, 117.881, 97.9898, 102.859, 97.0824, 107.154, 101.237, 107.424, 95.2733, 94.1541, 89.3196, 99.1615, 92.477, 95.5196, 94.921, 95.8593, 99.0051, 105.262, 99.7246, 102.489, 97.4936, 103.769, 97.0618, 90.802, 96.8401, 96.566, 100.439, 102.357, 96.8401, 110.494, 106.977, 105.309, 68.4763, 72.9178, 72.45, 41.1461, 45.6508, 46.5296, 43.909, 38.0789, 39.8246, 77.9872, 77.7946, 73.7564, 38.2099, 35.3836, 36.4006, 71.5891, 69.7782, 70.6824, 9.21954, 10.198, 4, 15.2971, 15.2971, 12, 31.9531, 31.3209, 31.6228, 27.313, 21.8403, 22.8473, 43.8406, 43.4166, 43.1393, 9.8995, 12.8062, 10.6301],
[61.327, 3, 21, 19.2354, 8.94427, 10.8167, 8.544, 116.709, 100.722, 106.405, 93.9202, 97.4064, 98.6813, 104.785, 101.98, 96.0469, 101.415, 109.786, 70.7743, 45.8803, 42.4853, 76.0592, 37.2022, 72.4983, 10.4403, 16.1555, 33.1059, 29.1548, 46.0109, 17.0294, 6.32456, 4.24264, 0, 18.1108, 22.2036, 18, 17.8045, 15.6525, 19.2094, 12.2066, 10.6301, 9.05539, 12.0416, 7.2111, 8.544, 10, 11.4018, 7.07107, 117.388, 116.103, 120.075, 99.5389, 104.278, 98.6154, 108.849, 102.883, 109.005, 97.0824, 95.8593, 91.0824, 100.901, 94.2444, 97.4166, 96.7678, 97.719, 100.658, 107.49, 101.868, 104.547, 98.8989, 105.119, 98.4124, 92.8924, 98.9545, 98.7168, 102.772, 104.561, 98.9545, 112.272, 108.784, 106.977, 69.7782, 74.4648, 73.9256, 42.72, 47.0106, 47.927, 45.1885, 39.3954, 41.2311, 78.4092, 77.9872, 74.2024, 38.2884, 35.4683, 37.2156, 73.1642, 71.3092, 72.2357, 12.0416, 13.9284, 7.61577, 18.9737, 18.9737, 15.2971, 35.8469, 35.1141, 35.4683, 31.305, 25.632, 26.8328, 48.0833, 47.634, 47.3814, 14.1421, 17.0294, 14.8661],
[54.4518, 21.095, 3.60555, 17.4929, 10.198, 12.0416, 21.8403, 112.219, 92.8924, 99.2472, 87.8237, 91.0824, 92.228, 100.18, 93.6803, 91.1976, 97.0824, 102.961, 63.7887, 41.0488, 36.0139, 64.4127, 28.2843, 65.1153, 28.0179, 33.2415, 42.5206, 45.8912, 58.5235, 32.28, 24, 21.0238, 18.1108, 0, 4.12311, 2, 13.8924, 16.2788, 14.3178, 9.43398, 11.1803, 9.05539, 14.8661, 13.4164, 11.1803, 24.7386, 22.8473, 23.1948, 112.446, 112.071, 115.352, 92.1954, 96.3016, 91.2195, 101.98, 95.901, 101.637, 90.934, 89.2693, 84.8528, 94.3663, 87.9659, 91.6624, 90.7965, 91.7878, 93.7443, 103.121, 97.1854, 99.4082, 90.956, 96.8401, 90.2497, 88.1419, 94.1913, 94.1329, 99.0051, 100.125, 94.1913, 105.721, 102.421, 100.02, 62.1691, 67.7422, 66.9104, 38.1182, 41.0122, 42.0119, 39.0128, 34.0588, 36.0555, 67.082, 65.8635, 63.0714, 27.8927, 25.4951, 30.0167, 66.6108, 64.6297, 65.6201, 30.0167, 31.1448, 25.02, 36.2215, 36.2215, 33.0151, 44.5533, 43.1393, 43.8406, 47.5395, 42.5793, 43.1741, 61.0574, 59.4054, 60.5392, 29.1204, 31.0161, 29.4109],
[53.0848, 25.1794, 3.16228, 19.105, 14.0357, 15.8114, 25.4951, 111.041, 91.0055, 97.4936, 86.3713, 89.56, 90.6697, 99.0202, 91.6788, 90.0222, 96, 101.272, 62.2896, 40.4475, 35.1283, 61.7414, 27, 63.5059, 32, 37.1214, 45, 49.6488, 61.4003, 35.9026, 28.0179, 25, 22.2036, 4.12311, 0, 5, 15.5563, 18.6011, 15.6205, 12.6491, 14.5602, 13.1529, 18.4391, 17.4642, 15.2315, 28.4429, 26.2488, 27.074, 111.162, 111, 114.11, 90.4268, 94.3663, 89.4427, 100.285, 94.2019, 99.8248, 89.4539, 87.6926, 83.3847, 92.7793, 86.4697, 90.2718, 89.3588, 90.3549, 92.0706, 102.005, 96.0208, 98.1275, 89.0505, 94.8314, 88.295, 87.0057, 93.0215, 93.0054, 98.0459, 99.0051, 93.0215, 104.087, 100.841, 98.3107, 60.531, 66.2722, 65.3758, 37.6563, 40.1123, 41.1096, 38.1182, 33.541, 35.5106, 64.4748, 63.0635, 60.5392, 26.1725, 24.0208, 29.1548, 65.192, 63.1981, 64.195, 34.0588, 35.0571, 29, 40.1123, 40.1123, 37, 46.8615, 45.3431, 46.0977, 51.1957, 46.3897, 46.8722, 64.0078, 62.1289, 63.5295, 32.7567, 34.4819, 32.9848],
[56.4358, 21, 3, 19.2354, 10.7703, 10.8167, 22.4722, 114.215, 94.8314, 101.203, 89.8053, 93.0591, 94.2019, 102.176, 95.6033, 93.1933, 99.0808, 104.924, 65.7647, 43.0465, 38.0132, 66.1891, 30.2655, 67.082, 28.1603, 33.541, 43.8634, 46.3249, 59.6406, 32.8938, 24.0832, 21.2132, 18, 2, 5, 0, 15.6525, 17.8045, 16.1555, 10.6301, 12.2066, 9.05539, 13.4536, 12.6491, 10.4403, 25.2982, 23.7065, 23.5372, 114.438, 114.07, 117.346, 94.1488, 98.2344, 93.1719, 103.942, 97.8621, 103.586, 92.9139, 91.2414, 86.8332, 96.3379, 89.9444, 93.6483, 92.7793, 93.771, 95.7079, 105.119, 99.1816, 101.4, 92.8924, 98.7623, 92.1792, 90.1388, 96.1873, 96.1301, 101.005, 102.122, 96.1873, 107.689, 104.393, 101.98, 64.1327, 69.7209, 68.884, 40.1123, 43.0116, 44.0114, 41.0122, 36.0555, 38.0526, 68.8767, 67.6018, 64.8845, 29.8329, 27.4591, 32.0156, 68.593, 66.6108, 67.6018, 30.0167, 31.4006, 25.1794, 36.4966, 36.4966, 33.1361, 45.9674, 44.5982, 45.2769, 48.0833, 42.9535, 43.6807, 62.1289, 60.6053, 61.5873, 29.7321, 31.7805, 30.0832],
[44.2719, 19.799, 17.2047, 3.60555, 10.4403, 20.0998, 15.2315, 100.975, 83.5703, 89.493, 77.3692, 80.7775, 82.0061, 88.955, 84.6936, 80.0625, 85.7088, 93.0054, 53.7587, 29.4279, 25.2982, 58.258, 19.4165, 55.3624, 23.7065, 27.2029, 29.6816, 38.1182, 46.5188, 24.1868, 20.8087, 17.8045, 17.8045, 13.8924, 15.5563, 15.6525, 0, 4, 1.41421, 7.07107, 7.61577, 13.1529, 23.1948, 18.6815, 17.2627, 18.0278, 14.3178, 18.3576, 101.435, 100.603, 104.235, 82.5409, 87.0919, 81.5966, 92.0489, 86.0233, 92.0272, 80.5233, 79.1202, 74.4648, 84.2021, 77.6209, 81.0247, 80.2808, 81.2527, 83.8153, 91.7878, 85.9884, 88.459, 81.7068, 87.8465, 81.1542, 76.9415, 83.0241, 82.8734, 87.367, 88.8144, 83.0241, 95.6033, 92.1792, 90.1388, 52.5547, 57.5674, 56.921, 26.3059, 30.0832, 31.0483, 28.1603, 22.561, 24.5153, 60.6053, 60.208, 56.4004, 20.5183, 17.6918, 19.6977, 56.3205, 54.4059, 55.3624, 26.4197, 25.632, 21.095, 30.0832, 30.0832, 28.2312, 31.4006, 29.8329, 30.6105, 39, 35.3553, 35.0571, 49.2443, 47.0106, 48.8467, 21.3776, 22.0227, 21.2132],
[45.6946, 17.2047, 19.799, 3.60555, 10.0499, 20.0998, 11.6619, 101.607, 85.0882, 90.824, 78.4474, 81.9085, 83.1685, 89.627, 86.3308, 80.8084, 86.3134, 94.2444, 55.1543, 30.3645, 26.8328, 60.8769, 21.9317, 56.8595, 20.2485, 23.4094, 26.4008, 34.1321, 42.9418, 20.2237, 17.6918, 14.8661, 15.6525, 16.2788, 18.6011, 17.8045, 4, 0, 5.09902, 7.61577, 7.07107, 13.1529, 23.0217, 18.0278, 17.0294, 14.3178, 10.4403, 15, 102.181, 101.119, 104.924, 83.9345, 88.6397, 83.006, 93.3006, 87.3155, 93.4077, 81.6088, 80.3243, 75.5844, 85.3815, 78.7464, 82.0061, 81.3204, 82.28, 85.0941, 92.3959, 86.6833, 89.2693, 83.2586, 89.4707, 82.7647, 77.666, 83.7437, 83.5464, 87.8237, 89.4427, 83.7437, 96.7678, 93.3006, 91.4166, 54.1295, 58.8727, 58.3095, 27.2029, 31.3847, 32.311, 29.5466, 23.7697, 25.632, 63.1269, 62.9365, 58.8982, 23.4307, 20.6155, 21.6333, 57.5847, 55.7136, 56.648, 23.0217, 21.9317, 17.8045, 26.2488, 26.2488, 24.5967, 28.3196, 26.8701, 27.5862, 35, 31.4006, 31.0644, 45.618, 43.566, 45.1885, 17.4642, 18.0278, 17.2627],
