/*********************************************
 * OPL 12.8.0.0 Model
 * Author: sebashc
 * Creation Date: 18/05/2018 at 4:11:38 p. m.
 *********************************************/
 execute
{
cplex.tilim=1800;
cplex.epgap=0.01;
} 
 
/***Constants***/
int depots=1; // Number of depots
int positions=80; // Number of current positions + (current positions + posibles positions)
int currentPositions=20; // Current positions
int vehicles=4; // Number of vehicles
int maxCompartments=153; // Number of max compartments of the vehicle

/***Sets***/
range D=1..depots; // Set of depots
range V=1..depots+positions; // Set of vertices
range S=depots+1..depots+positions; // Set of current positions + posibles positions
range A=depots+1..depots+currentPositions; // Set of current positions
range K=1..vehicles; // Set of vehicles
range M=1..maxCompartments; // Set of posibles configurations of compartments

/***Parametres***/
float c[V][V]=
[[0, 12.0416, 8.06226, 29.1548, 18.1108, 24.7386, 22.0227, 17.2627, 14.7648, 31.9061, 32.45, 32.0624, 20.8087, 22.0227, 25.0599, 23.0868, 28.1603, 8, 29.9666, 29.1204, 30.8707, 9.48683, 13.1529, 14.1421, 5.09902, 8.24621, 7.2111, 31.7648, 29.5466, 31.9061, 21.0238, 21.2132, 21, 28.1603, 24.6982, 26.5707, 19.0263, 24.3311, 25, 19.0263, 20.2237, 18.0278, 17.4642, 18.0278, 14.2127, 30.4138, 30.6105, 32.8024, 33.121, 32.6497, 29.1548, 29.1548, 35.1283, 32.3883, 23.6008, 22.3607, 19.105, 24.4131, 19.105, 20.2485, 24.6982, 26.6271, 26.6271, 23.0217, 20.025, 25.02, 28, 30.5941, 28.6356, 7.61577, 11, 9.48683, 32.6956, 27.7849, 27.2947, 32.573, 26.4764, 31.7805, 27.313, 28.178, 29.1548],
[12.0416, 0, 14.2127, 40.3113, 30.0167, 25.7099, 10, 23.4307, 26.2488, 40.3113, 22.6716, 20.025, 16, 30.5287, 35.7351, 35.1283, 30.8869, 13.8924, 26.0192, 17.4642, 21.2603, 3.60555, 3.16228, 3.60555, 12.53, 16.6433, 10.6301, 43.0813, 41.1096, 42.9535, 33, 33.0606, 33.0151, 28.2843, 24.1868, 26.1725, 7, 12.3693, 13.0384, 23.8537, 25.807, 25.4558, 29.1204, 29.1548, 25.0799, 38.2099, 39.8246, 41.8688, 22.6716, 22.0227, 19.105, 17.1172, 23.0868, 20.3961, 18.1108, 19.105, 13.0384, 32.2025, 28.178, 28.0179, 35.9026, 36.7696, 36.7696, 35, 32.0624, 37, 29.5466, 34.1321, 32.45, 10.8167, 15.6205, 12.0416, 29.0172, 23.0868, 23.0217, 21.0238, 14.5602, 19.9249, 17.6918, 19.105, 20.6155],
[8.06226, 14.2127, 0, 26.9258, 21.4709, 16.7631, 22.8473, 9.84886, 14.0357, 26.1725, 36.7696, 32.573, 27.313, 29.1548, 30.4795, 24.7386, 36.2215, 16.0312, 37, 31.3847, 27.4591, 13.6015, 13.4164, 14.3178, 3, 3, 3.60555, 29.8329, 28.2843, 29.4109, 23.7697, 24.5967, 23.4094, 20.2485, 17, 18.7883, 20.1246, 25.9422, 25.2982, 11.1803, 12.6491, 11.4018, 17.0294, 16.1245, 12.0416, 24.2074, 25.6125, 27.6586, 36.8782, 36.2353, 33.2415, 30.0832, 35.7351, 33.6155, 29.9666, 29.4109, 25.0599, 31.7648, 26.0768, 27.7308, 29.4109, 32.5269, 32.5269, 25.632, 22.1359, 27.5136, 36.0139, 38.6394, 36.6742, 15.1327, 19.0263, 17.1172, 39.8497, 34.5398, 34.176, 34.9857, 28.178, 33.541, 24.1868, 24.5153, 25],
[29.1548, 40.3113, 26.9258, 0, 18.3848, 32.28, 49.6488, 22.0907, 14.4222, 14.4222, 61.5873, 59.4811, 48.9183, 33.8378, 27.1662, 13.1529, 48.3011, 33.9706, 56.6392, 57.7754, 53.0377, 38.4708, 40.1622, 41.1096, 27.8568, 24.0416, 30.3645, 3, 3.60555, 2.82843, 16.4924, 18.4391, 15.5242, 35.1141, 34.9285, 35.4401, 46.8188, 52.5547, 52.2015, 24.3311, 22.561, 19.105, 12.0416, 11.1803, 15.2315, 16.2788, 10.8167, 12.083, 62.2656, 61.7738, 58.3095, 56.921, 62.6418, 60.407, 51.7397, 49.4975, 47.8017, 36.6879, 31.3847, 34.9285, 24.0832, 30.1496, 30.1496, 16.1245, 14.8661, 16, 49.7393, 48.8467, 47.0106, 35.609, 36.0694, 36.8782, 58.8982, 55.1543, 54.4518, 61.327, 54.7814, 60.1664, 50.1597, 50.04, 50],
[18.1108, 30.0167, 21.4709, 18.3848, 0, 35.3836, 40.0125, 24.2074, 10.2956, 29.0172, 47.7598, 50, 33.541, 15.5242, 10.7703, 6.40312, 30.0167, 18.9737, 39.8246, 46.3897, 48.3839, 27.0185, 31.257, 32.249, 20.2485, 18.868, 23.4094, 19.7231, 16.6433, 21.0238, 3.16228, 3.16228, 3.60555, 38.9487, 36.7967, 38.1838, 37.0135, 42.0476, 43.0465, 27.0185, 26.6271, 22.4722, 9.21954, 12.3693, 13.0384, 29.2746, 26.0192, 28.0713, 49.0408, 48.7647, 44.9222, 47.0106, 53.0094, 50.0899, 36.2353, 33.2866, 33.2415, 18.4391, 13, 16.5529, 8.60233, 13.6015, 13.6015, 5.09902, 3.60555, 7.07107, 31.6228, 30.4631, 28.6356, 21.587, 20.1246, 22.1359, 41.7732, 38.833, 38.0132, 49.6488, 44.1022, 49.2544, 44.9222, 45.5412, 46.2385],
[24.7386, 25.7099, 16.7631, 32.28, 35.3836, 0, 29.6816, 11.4018, 25.4951, 23.1948, 46.9574, 36.7696, 41.4367, 45.618, 45.607, 36.4006, 52.7731, 32.5576, 51.4781, 38.833, 24.5967, 27.1662, 23.0868, 23.4094, 19.6469, 17.8885, 18.1108, 35.171, 35.1141, 33.7343, 36.7967, 38.1838, 36.1248, 3.60555, 3.16228, 3.16228, 28.178, 33.2866, 30.6105, 8.60233, 9.84886, 13.8924, 27.8029, 25.2389, 22.6716, 20.2237, 25, 26.0768, 46.1411, 45.2769, 43.382, 35.4683, 39.6232, 38.9487, 43.7379, 44.1814, 38.6394, 48.3322, 42.4853, 44.3847, 43.9318, 48.0104, 48.0104, 38.2884, 34.7131, 39.8246, 52.345, 55.3173, 53.3667, 31.1448, 35.5106, 33.1361, 54.4518, 48.6621, 48.5077, 42.2019, 35.2278, 39.8246, 23.0217, 21.9545, 21.0238],
[22.0227, 10, 22.8473, 49.6488, 40.0125, 29.6816, 0, 30.8058, 35.9026, 48.0104, 17.72, 10.0499, 18.868, 39.3954, 45.3542, 45.0999, 36.7967, 23.0868, 27.5136, 9.21954, 15.2315, 13.1529, 9.48683, 8.544, 21.8403, 25.632, 19.3132, 52.4976, 50.6952, 52.2015, 43, 43.0465, 43.0116, 31.305, 27.2947, 29.0689, 3, 3.60555, 3.16228, 30.4795, 32.6497, 33.2866, 38.833, 38.6005, 34.4819, 45.607, 48.0208, 49.93, 16.5529, 15.6525, 14.3178, 7.28011, 13.1529, 10.7703, 19.6977, 22.4722, 15.8114, 40.7063, 37.3363, 36.6742, 45.7056, 46.1736, 46.1736, 45, 42.0476, 47, 34.8281, 40.3113, 38.8973, 19.9249, 24.1661, 20.6155, 30.3645, 24.3516, 24.6982, 12.7279, 5.65685, 10.8167, 12.3693, 14.3178, 16.2788],
[17.2627, 23.4307, 9.84886, 22.0907, 24.2074, 11.4018, 30.8058, 0, 14.1421, 17.2047, 46.0977, 39.8246, 37.1618, 35.7351, 34.6699, 25, 45, 25.1794, 46.8188, 39.8246, 31.257, 23.3238, 21.9317, 22.6716, 12.6491, 9.05539, 13.0384, 25.0799, 24.5153, 24, 25.4558, 26.9072, 24.7588, 14.8661, 13.4164, 14.4222, 28.4253, 34.2053, 32.7567, 2.82843, 3, 3, 16.4012, 13.8924, 11.3137, 14.8661, 17.4642, 19.2354, 45.9674, 45.2548, 42.5206, 37.7359, 42.9418, 41.3401, 39.8121, 39.2173, 34.8855, 38.6005, 32.573, 34.9285, 32.8024, 37.2156, 37.2156, 26.9072, 23.3452, 28.4253, 45.0999, 47.0956, 45.0999, 24.7386, 28.1603, 26.6833, 49.6488, 44.3847, 44.0114, 43.4166, 36.4006, 41.6173, 28.6356, 28.2843, 28.0713],
[14.7648, 26.2488, 14.0357, 14.4222, 10.2956, 25.4951, 35.9026, 14.1421, 0, 20.3961, 47.1699, 45.8912, 34.6554, 24.0208, 21.0238, 11.1803, 36.4006, 19.8494, 42.8019, 43.6578, 41.4367, 24.1661, 26.4764, 27.4591, 14.1421, 11.0454, 17.0294, 17, 14.8661, 17.2047, 11.3137, 12.8062, 10.6301, 29, 27.2029, 28.4253, 32.9848, 38.6005, 38.6394, 16.9706, 16.4012, 12.2066, 3, 3.60555, 2.82843, 20.025, 18.0278, 20.2485, 47.8853, 47.4131, 43.909, 43.1741, 49.0306, 46.5725, 37.4833, 35.4683, 33.4216, 27.0185, 21, 24.0832, 18.868, 23.7697, 23.7697, 12.8062, 9.21954, 14.4222, 37.3363, 37.6563, 35.6931, 21.2603, 22.2036, 22.6274, 45.2217, 41.1096, 40.4599, 47.1699, 40.8044, 46.1736, 38.2099, 38.4708, 38.833],
[31.9061, 40.3113, 26.1725, 14.4222, 29.0172, 23.1948, 48.0104, 17.2047, 20.3961, 0, 62.9365, 56.9386, 52.6973, 44.1022, 39.3192, 25.7099, 56.7539, 38.9102, 61.7738, 57.0088, 47.1275, 39.6989, 39.0512, 39.8246, 28.4253, 24.2074, 29.6985, 16.2788, 18.0278, 14.1421, 28.2843, 30.2655, 27.2947, 25, 26.3059, 26.0768, 45.607, 51.4004, 49.93, 17.8885, 15.6525, 14.8661, 20.025, 17.1172, 18.9737, 3, 3.60555, 3.16228, 62.9682, 62.2896, 59.397, 54.9181, 60.0333, 58.5235, 55.4707, 54.2033, 50.8035, 47.0956, 41.1947, 44.4072, 36.4966, 42.2966, 42.2966, 28.6356, 26.1725, 29.1204, 57.5674, 58.0517, 56.0892, 39.4462, 41.6293, 41.1825, 64.4127, 59.6825, 59.1693, 60.6053, 53.6004, 58.8218, 44.9444, 44.2719, 43.6807],
[32.45, 22.6716, 36.7696, 61.5873, 47.7598, 46.9574, 17.72, 46.0977, 47.1699, 62.9365, 0, 16.7631, 15.0333, 41.0122, 49.366, 53.8516, 31.6228, 28.7924, 16.6433, 10.0499, 31.0161, 23.4307, 24.4131, 23.8537, 34.7131, 38.9487, 33.2415, 64.1405, 61.7738, 64.3506, 50.9215, 50.2892, 51.264, 48.8467, 44.7772, 46.6154, 18.7883, 14.3178, 18.1108, 46.4004, 48.4149, 48.1041, 49.7393, 50.4777, 46.6154, 60.8769, 62.2896, 64.3817, 2.82843, 3.60555, 3.60555, 15.1327, 17, 13.9284, 13.0384, 17.1172, 14.5602, 41.0488, 40.1995, 38.0132, 50.8035, 49.0918, 49.0918, 52.811, 50.6952, 54.7083, 28.7924, 35.1141, 34.4819, 26.4008, 27.8927, 25.632, 18.4391, 14.3178, 15.2315, 8.94427, 13.0384, 11.7047, 29.0689, 31.0644, 33.0606],
[32.0624, 20.025, 32.573, 59.4811, 50, 36.7696, 10.0499, 39.8246, 45.8912, 56.9386, 16.7631, 0, 25, 48.3839, 54.9181, 55.1453, 43.6005, 32.5576, 31.4006, 7.2111, 15.5242, 23.0217, 19.4165, 18.4391, 31.7805, 35.4401, 29.1204, 62.3618, 60.6383, 61.9839, 53.0094, 53.0094, 53.0377, 37.6431, 33.9706, 35.4683, 13.0384, 8.24621, 7.28011, 39.1152, 41.3401, 42.4853, 48.8365, 48.5077, 44.3847, 54.3783, 57.2451, 59.0593, 14.3178, 13.3417, 14.7648, 3.16228, 3.16228, 3, 24.7588, 28.4253, 22.4722, 49.3964, 46.5725, 45.5412, 55.4437, 55.5428, 55.5428, 55.0091, 52.0865, 57.0088, 41.2311, 47.2017, 46.0435, 29.4279, 33.2415, 29.8329, 33.8378, 28.4253, 29.0689, 8.06226, 6.7082, 5.09902, 14.7648, 16.5529, 18.3848],
[20.8087, 16, 27.313, 48.9183, 33.541, 41.4367, 18.868, 37.1618, 34.6554, 52.6973, 15.0333, 25, 0, 26, 34.3657, 39.8246, 18.6011, 15, 10.0499, 18.3576, 34, 14.3178, 19.0263, 19.105, 24.5967, 28.6531, 24.3516, 51.225, 48.6004, 51.7397, 36.6742, 35.8469, 37.1214, 44.1814, 40.1123, 42.107, 17.4642, 17.6918, 21.4009, 38.2753, 39.9249, 38.4708, 36.8782, 38.1838, 34.7131, 51.1077, 51.4004, 53.6004, 17.0294, 17.1172, 13.1529, 22.0227, 26.9258, 23.3238, 2.82843, 3.60555, 3.16228, 26.1725, 25.1794, 23, 35.9026, 34.0588, 34.0588, 38.4838, 36.7151, 40.3113, 16.2788, 22.2036, 21.095, 13.4536, 13.4164, 12.0416, 13.0384, 7.28011, 7.07107, 20.2485, 18.4391, 21.4709, 30.8707, 32.6956, 34.5398],
[22.0227, 30.5287, 29.1548, 33.8378, 15.5242, 45.618, 39.3954, 35.7351, 24.0208, 44.1022, 41.0122, 48.3839, 26, 0, 9.43398, 21.0238, 15.5563, 16.6433, 28.7924, 42.9535, 51.614, 26.9258, 33.0151, 33.8378, 26.6271, 27.7308, 29.2062, 34.9285, 31.7805, 36.4006, 17.4642, 15.6525, 18.3848, 49.1935, 46.1411, 47.8853, 36.6742, 40.1622, 42.5441, 38.2753, 38.6005, 34.9285, 24.0832, 27.0185, 26.1725, 44, 41.3038, 43.4166, 43.0116, 43.0465, 39.0512, 45.2217, 50.9608, 47.5395, 28.0713, 24.1868, 27.1662, 3, 3.16228, 3, 12.0416, 8.24621, 8.24621, 18.3576, 18.9737, 19.4165, 17.8045, 15.2643, 13.6015, 19.7231, 15.2315, 18.7883, 29.9666, 28.8617, 27.8927, 45.5412, 41.7612, 46.0977, 48.0104, 49.2037, 50.448],
[25.0599, 35.7351, 30.4795, 27.1662, 10.7703, 45.607, 45.3542, 34.6699, 21.0238, 39.3192, 49.366, 54.9181, 34.3657, 9.43398, 0, 14.0357, 24.8395, 22.3607, 38.0789, 50.1597, 55.9017, 32.28, 37.6962, 38.6264, 28.6007, 28.2843, 31.6228, 27.6586, 24.5153, 29.4279, 11.0454, 9.05539, 12.0416, 49.2037, 46.7547, 48.2701, 42.45, 46.6905, 48.5077, 37.4433, 37.2156, 33.121, 19.9249, 23.0868, 23.7065, 39.8121, 36.1248, 38.0526, 51.1566, 51.0882, 47.0956, 51.788, 57.7062, 54.4518, 36.6742, 32.9848, 35.0571, 11.3137, 9.21954, 12.083, 3.16228, 3, 3, 11.0454, 13.1529, 11.4018, 27.2029, 24.0832, 22.6274, 25.4951, 22.0227, 25.1794, 39.3573, 37.9473, 37, 53.0377, 48.5077, 53.2353, 52.3259, 53.2353, 54.2033],
[23.0868, 35.1283, 24.7386, 13.1529, 6.40312, 36.4006, 45.0999, 25, 11.1803, 25.7099, 53.8516, 55.1453, 39.8246, 21.0238, 14.0357, 0, 36.0555, 25.0799, 46.2277, 51.9711, 52.1728, 32.3883, 36, 37, 24.1868, 21.8403, 27.2947, 13.9284, 10.7703, 15.5242, 3.60555, 5.38516, 2.82843, 39.8246, 38.2753, 39.4081, 42.107, 47.3814, 48.0416, 27.8029, 26.9072, 22.6716, 8.60233, 11.3137, 13.8924, 26.5707, 22.3607, 24.1868, 55.0273, 54.7083, 50.9215, 52.2398, 58.2151, 55.4437, 42.5441, 39.6611, 39.3954, 23.7697, 18.868, 22.4722, 11, 17.0294, 17.0294, 3, 3.16228, 3.60555, 37.8021, 36.2353, 34.4819, 27.5136, 26.4197, 28.2312, 48.1664, 45.2217, 44.4072, 55.3173, 49.4975, 54.7449, 48.8365, 49.2443, 49.7293],
[28.1603, 30.8869, 36.2215, 48.3011, 30.0167, 52.7731, 36.7967, 45, 36.4006, 56.7539, 31.6228, 43.6005, 18.6011, 15.5563, 24.8395, 36.0555, 0, 20.2237, 16.0312, 36.8917, 51.4004, 27.7308, 34, 34.4819, 33.2415, 36.0139, 34.7131, 49.7393, 46.6476, 51, 32.45, 30.8058, 33.2866, 56.0892, 52.3927, 54.3415, 34.8281, 36.1248, 39.598, 47.0425, 48, 45.0999, 37.3363, 39.8497, 37.855, 56.0892, 54.4059, 56.6127, 34.176, 34.5398, 30.8707, 40.6079, 45.4863, 41.8808, 19.2354, 15.2643, 21.2603, 13.6015, 17.2047, 13.6015, 27.5862, 23.0217, 23.0217, 33.6006, 33.6155, 34.8281, 3, 3.60555, 3, 21.8403, 17.2627, 19.9249, 16.1245, 17.4642, 16.4924, 38.4708, 37.0135, 39.9625, 48.0104, 49.6488, 51.3128],
[8, 13.8924, 16.0312, 33.9706, 18.9737, 32.5576, 23.0868, 25.1794, 19.8494, 38.9102, 28.7924, 32.5576, 15, 16.6433, 22.3607, 25.0799, 20.2237, 0, 23.0217, 28, 35, 10.2956, 16.4012, 17.2047, 13.0384, 16.1245, 14.5602, 36.2353, 33.6006, 36.7967, 22.1359, 21.587, 22.4722, 35.9026, 32.28, 34.2053, 20.2485, 24.3311, 26.2488, 27.0185, 28.1603, 25.7099, 21.9317, 23.4307, 20.2485, 37.6962, 37.2156, 39.4462, 30.0832, 29.8329, 25.9615, 29.4279, 35.3553, 32.1403, 17.8045, 15.6205, 14.3178, 18.4391, 14.3178, 14.2127, 23.0217, 23.0868, 23.0868, 24.0416, 21.9317, 25.9615, 20, 22.8035, 20.8806, 3.16228, 3, 3.16228, 25.5539, 21.2603, 20.6155, 31.0644, 26.1725, 31.0161, 31.4006, 32.6497, 33.9706],
[29.9666, 26.0192, 37, 56.6392, 39.8246, 51.4781, 27.5136, 46.8188, 42.8019, 61.7738, 16.6433, 31.4006, 10.0499, 28.7924, 38.0789, 46.2277, 16.0312, 23.0217, 0, 24.2074, 42.72, 24.3311, 29, 29.0172, 34.176, 38.0789, 34.2053, 58.6941, 55.8659, 59.4643, 42.8019, 41.6173, 43.4166, 54.231, 50.1597, 52.1536, 26.6833, 25.4951, 29.5466, 48.0833, 49.6488, 47.927, 44.6878, 46.4004, 43.2666, 60.3738, 60.208, 62.434, 19.4165, 20, 16.9706, 28.8444, 32.5576, 29.0689, 8.06226, 7.61577, 13, 27.8927, 29.0689, 26, 40.2492, 37, 37, 44.4072, 43.2782, 46.0435, 13.0384, 19.2354, 19.0263, 22.3607, 20.6155, 20.5913, 3, 3.16228, 3, 24.7588, 25.5539, 26.9072, 39.8497, 41.7612, 43.6807],
[29.1204, 17.4642, 31.3847, 57.7754, 46.3897, 38.833, 9.21954, 39.8246, 43.6578, 57.0088, 10.0499, 7.2111, 18.3576, 42.9535, 50.1597, 51.9711, 36.8917, 28, 24.2074, 0, 21, 19.6469, 18.0278, 17.2047, 29.9666, 34, 27.7849, 60.5392, 58.5235, 60.4152, 49.4975, 49.2544, 49.6488, 40.3113, 36.3593, 38.0789, 11.4018, 5.65685, 8.544, 39.6232, 41.7732, 42.2019, 46.4866, 46.6154, 42.5441, 54.6717, 56.8595, 58.8218, 8.06226, 7.07107, 7.61577, 5.09902, 8.60233, 5, 17.8045, 21.6333, 16.1555, 43.6807, 41.4367, 40.025, 51.0098, 50.4876, 50.4876, 51.4781, 48.8365, 53.4603, 34.4093, 40.4969, 39.4462, 25.02, 28.1603, 25.02, 26.6271, 21.2603, 21.9317, 3.60555, 3.60555, 3.16228, 19.2354, 21.2132, 23.1948],
[30.8707, 21.2603, 27.4591, 53.0377, 48.3839, 24.5967, 15.2315, 31.257, 41.4367, 47.1275, 31.0161, 15.5242, 34, 51.614, 55.9017, 52.1728, 51.4004, 35, 42.72, 21, 0, 24.8395, 18.6011, 17.8045, 28.1603, 30.4138, 25, 56.0357, 55.0091, 55.1453, 50.9608, 51.5461, 50.6952, 24.4131, 21.4709, 22.4722, 16.6433, 17.4642, 13.3417, 29.6142, 31.7805, 34.2345, 44.4072, 43.1045, 39.2046, 44.2719, 48.2701, 49.7293, 29.0172, 28.0179, 28.1603, 16.0312, 17.4642, 18.4391, 34.9285, 37.5899, 30.8869, 53.4135, 49.0918, 49.2037, 55.5428, 57.3062, 57.3062, 52.8867, 49.4773, 54.8179, 49.6488, 54.8179, 53.2635, 32.0156, 36.8782, 33.3017, 45.5412, 39.5601, 39.9249, 23.1948, 18.1108, 20.2237, 3.60555, 3, 3.60555],
[9.48683, 3.60555, 13.6015, 38.4708, 27.0185, 27.1662, 13.1529, 23.3238, 24.1661, 39.6989, 23.4307, 23.0217, 14.3178, 26.9258, 32.28, 32.3883, 27.7308, 10.2956, 24.3311, 19.6469, 24.8395, 0, 6.40312, 7.07107, 11.3137, 15.5563, 10.2956, 41.1461, 39, 41.1825, 30.0666, 30, 30.1496, 30.0167, 26, 28, 10.198, 15.0333, 16.2788, 24.1661, 25.9422, 25, 26.9258, 27.2947, 23.3238, 37.8021, 38.8973, 41.0122, 23.8537, 23.3238, 20, 20, 26, 23.0868, 16.7631, 17.0294, 11.7047, 28.6007, 24.5967, 24.4131, 32.5576, 33.2415, 33.2415, 32.0624, 29.2746, 34.0588, 26.5707, 30.8869, 29.1548, 7.2111, 12.0416, 8.48528, 27.2947, 21.587, 21.3776, 23.0868, 17.1172, 22.3607, 21.2603, 22.6274, 24.0832],
[13.1529, 3.16228, 13.4164, 40.1622, 31.257, 23.0868, 9.48683, 21.9317, 26.4764, 39.0512, 24.4131, 19.4165, 19.0263, 33.0151, 37.6962, 36, 34, 16.4012, 29, 18.0278, 18.6011, 6.40312, 0, 1, 12.3693, 16.1555, 9.84886, 43.0116, 41.2311, 42.72, 34.1321, 34.3657, 34.0588, 25.4951, 21.3776, 23.3452, 6.7082, 12.53, 12.1655, 22.0227, 24.0832, 24.2074, 29.4279, 29.1204, 25, 36.7967, 38.833, 40.8044, 24.0832, 23.3452, 20.8087, 16.7631, 22.561, 20.2485, 21.0238, 22.2036, 16, 34.8281, 30.5287, 30.6105, 37.6431, 38.9102, 38.9102, 36.1248, 33.0151, 38.1182, 32.6956, 37.2156, 35.5106, 13.4536, 18.3848, 14.8661, 32, 26.0192, 26, 21.6333, 14.7648, 20.1246, 15, 16.2788, 17.6918],
[14.1421, 3.60555, 14.3178, 41.1096, 32.249, 23.4094, 8.544, 22.6716, 27.4591, 39.8246, 23.8537, 18.4391, 19.105, 33.8378, 38.6264, 37, 34.4819, 17.2047, 29.0172, 17.2047, 17.8045, 7.07107, 1, 0, 13.3417, 17.088, 10.7703, 43.9659, 42.2019, 43.6578, 35.1283, 35.3553, 35.0571, 25.7099, 21.587, 23.5372, 5.83095, 11.6619, 11.1803, 22.6716, 24.7588, 25, 30.4138, 30.0832, 25.9615, 37.5366, 39.6611, 41.6173, 23.4307, 22.6716, 20.2485, 15.8114, 21.587, 19.3132, 21, 22.3607, 16.0312, 35.609, 31.3847, 31.4006, 38.6005, 39.8121, 39.8121, 37.1214, 34.0147, 39.1152, 33.1059, 37.7359, 36.0555, 14.2127, 19.105, 15.5563, 32.0156, 26, 26.0192, 20.8087, 13.8924, 19.2354, 14.2127, 15.5563, 17.0294],
[5.09902, 12.53, 3, 27.8568, 20.2485, 19.6469, 21.8403, 12.6491, 14.1421, 28.4253, 34.7131, 31.7805, 24.5967, 26.6271, 28.6007, 24.1868, 33.2415, 13.0384, 34.176, 29.9666, 28.1603, 11.3137, 12.3693, 13.3417, 0, 4.24264, 3.16228, 30.6757, 28.8617, 30.4631, 22.8035, 23.4094, 22.561, 23.0868, 19.6977, 21.5407, 18.9737, 24.6982, 24.5153, 14.1421, 15.5242, 13.8924, 17.1172, 16.7631, 12.6491, 26.6271, 27.5862, 29.6985, 35, 34.4093, 31.241, 29.1204, 34.9285, 32.573, 27.2947, 26.5707, 22.4722, 29.1548, 23.6008, 25.0599, 27.7849, 30.4795, 30.4795, 24.7386, 21.3776, 26.6833, 33.0151, 35.6931, 33.7343, 12.1655, 16.0312, 14.1421, 37, 31.7805, 31.3847, 33.541, 26.9258, 32.311, 24.7386, 25.2982, 26],
[8.24621, 16.6433, 3, 24.0416, 18.868, 17.8885, 25.632, 9.05539, 11.0454, 24.2074, 38.9487, 35.4401, 28.6531, 27.7308, 28.2843, 21.8403, 36.0139, 16.1245, 38.0789, 34, 30.4138, 15.5563, 16.1555, 17.088, 4.24264, 0, 6.32456, 26.9258, 25.318, 26.5707, 21.0238, 21.9545, 20.6155, 21.4709, 18.6011, 20.2485, 22.8473, 28.6356, 28.1603, 11.0454, 12.0416, 9.84886, 14.0357, 13.1529, 9.05539, 22.4722, 23.3452, 25.4558, 39.2046, 38.6005, 35.4683, 32.8938, 38.6005, 36.4006, 31.3847, 30.4631, 26.6271, 30.4631, 24.5967, 26.5707, 27.0185, 30.4795, 30.4795, 22.8473, 19.3132, 24.6982, 36.0555, 38.2099, 36.2215, 15.8114, 19.105, 17.72, 40.8534, 35.7771, 35.3412, 37.5899, 30.8707, 36.2491, 27.1662, 27.4591, 27.8927],
[7.2111, 10.6301, 3.60555, 30.3645, 23.4094, 18.1108, 19.3132, 13.0384, 17.0294, 29.6985, 33.2415, 29.1204, 24.3516, 29.2062, 31.6228, 27.2947, 34.7131, 14.5602, 34.2053, 27.7849, 25, 10.2956, 9.84886, 10.7703, 3.16228, 6.32456, 0, 33.2415, 31.5753, 32.8938, 25.9615, 26.5707, 25.7099, 21.3776, 17.72, 19.6469, 16.5529, 22.3607, 21.8403, 13.9284, 15.6525, 14.8661, 20.025, 19.4165, 15.2971, 27.6586, 29.2062, 31.241, 33.3017, 32.6497, 29.6985, 26.5707, 32.28, 30.0832, 26.9258, 26.6833, 21.9317, 31.6228, 26.2488, 27.4591, 30.8869, 33.4216, 33.4216, 27.8927, 24.5153, 29.8329, 34.2345, 37.3631, 35.4401, 13.0384, 17.4642, 15.0333, 37.108, 31.6228, 31.3209, 31.3847, 24.5967, 29.9666, 21.587, 22.1359, 22.8473],
[31.7648, 43.0813, 29.8329, 3, 19.7231, 35.171, 52.4976, 25.0799, 17, 16.2788, 64.1405, 62.3618, 51.225, 34.9285, 27.6586, 13.9284, 49.7393, 36.2353, 58.6941, 60.5392, 56.0357, 41.1461, 43.0116, 43.9659, 30.6757, 26.9258, 33.2415, 0, 3.16228, 2.23607, 17.4642, 19.3132, 16.5529, 37.9473, 37.855, 38.3275, 49.6488, 55.3624, 55.0818, 27.2947, 25.4951, 22.0907, 14.4222, 13.9284, 18.0278, 18.4391, 12.7279, 13.6015, 64.8845, 64.4127, 60.9016, 59.7746, 65.521, 63.2456, 54.037, 51.6624, 50.2195, 37.6962, 32.6497, 36.2353, 24.5153, 30.5941, 30.5941, 16.7631, 16.1245, 16.2788, 51.3128, 50.0899, 48.3011, 38.0132, 38.2099, 39.2046, 60.8769, 57.3149, 56.5862, 64.0781, 57.5847, 62.9682, 53.1507, 53.0377, 53],
[29.5466, 41.1096, 28.2843, 3.60555, 16.6433, 35.1141, 50.6952, 24.5153, 14.8661, 18.0278, 61.7738, 60.6383, 48.6004, 31.7805, 24.5153, 10.7703, 46.6476, 33.6006, 55.8659, 58.5235, 55.0091, 39, 41.2311, 42.2019, 28.8617, 25.318, 31.5753, 3.16228, 0, 5, 14.3178, 16.1555, 13.4164, 38.0789, 37.6431, 38.2753, 47.8017, 53.4509, 53.3667, 26.9258, 25.2982, 21.587, 12.083, 12.1655, 16.2788, 19.8494, 14.4222, 15.6525, 62.6099, 62.1691, 58.5918, 57.9741, 63.7887, 61.4003, 51.4004, 48.9183, 47.7074, 34.5398, 29.5296, 33.121, 21.3776, 27.4591, 27.4591, 13.6015, 13.0384, 13.1529, 48.2597, 46.9574, 45.1774, 35.5106, 35.4683, 36.6197, 58, 54.5619, 53.8145, 62.0322, 55.6597, 61.0328, 52.0096, 52.0096, 52.0865],
[31.9061, 42.9535, 29.4109, 2.82843, 21.0238, 33.7343, 52.2015, 24, 17.2047, 14.1421, 64.3506, 61.9839, 51.7397, 36.4006, 29.4279, 15.5242, 51, 36.7967, 59.4643, 60.4152, 55.1453, 41.1825, 42.72, 43.6578, 30.4631, 26.5707, 32.8938, 2.23607, 5, 0, 18.9737, 20.8806, 18.0278, 36.4006, 36.4966, 36.8782, 49.3964, 55.1543, 54.7083, 26.0768, 24.1868, 21, 14.8661, 13.8924, 17.8885, 16.4012, 10.6301, 11.4018, 65, 64.4981, 61.0574, 59.4643, 65.146, 62.9682, 54.5619, 52.3259, 50.6063, 39.2173, 34.0147, 37.5766, 26.3059, 32.3883, 32.3883, 18.4391, 17.4642, 18.1108, 52.4786, 51.4781, 49.6588, 38.4187, 38.8973, 39.6989, 61.7171, 57.9828, 57.28, 63.9766, 57.3847, 62.7694, 52.345, 52.1536, 52.0384],
[21.0238, 33, 23.7697, 16.4924, 3.16228, 36.7967, 43, 25.4558, 11.3137, 28.2843, 50.9215, 53.0094, 36.6742, 17.4642, 11.0454, 3.60555, 32.45, 22.1359, 42.8019, 49.4975, 50.9608, 30.0666, 34.1321, 35.1283, 22.8035, 21.0238, 25.9615, 17.4642, 14.3178, 18.9737, 0, 2, 1, 40.3113, 38.4187, 39.6989, 40, 45.0999, 46.0109, 28.2843, 27.6586, 23.4307, 9.43398, 12.53, 14.1421, 28.8617, 25.0799, 27.0185, 52.2015, 51.923, 48.0833, 50.04, 56.0357, 53.1507, 39.3573, 36.3593, 36.4006, 20.2485, 15.2643, 18.868, 8.24621, 14.0357, 14.0357, 2, 2.23607, 4, 34.2053, 32.6497, 30.8869, 24.7386, 23.2594, 25.2982, 44.6878, 41.8808, 41.0488, 52.7731, 47.1699, 52.345, 47.5395, 48.0833, 48.7032],
[21.2132, 33.0606, 24.5967, 18.4391, 3.16228, 38.1838, 43.0465, 26.9072, 12.8062, 30.2655, 50.2892, 53.0094, 35.8469, 15.6525, 9.05539, 5.38516, 30.8058, 21.587, 41.6173, 49.2544, 51.5461, 30, 34.3657, 35.3553, 23.4094, 21.9545, 26.5707, 19.3132, 16.1555, 20.8806, 2, 0, 3, 41.7253, 39.6989, 41.0366, 40.05, 45.0111, 46.0977, 29.7321, 29.2062, 25, 11.1803, 14.3178, 15.6205, 30.8058, 27.074, 29.0172, 51.6624, 51.4198, 47.5395, 50, 56, 53.0377, 38.4838, 35.3553, 35.7351, 18.3848, 13.6015, 17.2047, 6.32456, 12.0416, 12.0416, 2.82843, 4.12311, 4.47214, 32.6497, 30.8869, 29.1548, 24.3311, 22.4722, 24.7386, 43.4166, 40.8167, 39.9625, 52.469, 47.0425, 52.1536, 48.0833, 48.7032, 49.3964],
[21, 33.0151, 23.4094, 15.5242, 3.60555, 36.1248, 43.0116, 24.7588, 10.6301, 27.2947, 51.264, 53.0377, 37.1214, 18.3848, 12.0416, 2.82843, 33.2866, 22.4722, 43.4166, 49.6488, 50.6952, 30.1496, 34.0588, 35.0571, 22.561, 20.6155, 25.7099, 16.5529, 13.4164, 18.0278, 1, 3, 0, 39.6232, 37.8021, 39.0512, 40.0125, 45.1774, 46, 27.5862, 26.9072, 22.6716, 8.60233, 11.6619, 13.4536, 27.8927, 24.0832, 26.0192, 52.4976, 52.2015, 48.3839, 50.0899, 56.0803, 53.2353, 39.8246, 36.8917, 36.7696, 21.1896, 16.1245, 19.7231, 9.21954, 15.0333, 15.0333, 2.23607, 1.41421, 4.12311, 35, 33.541, 31.7648, 25, 23.7065, 25.632, 45.3431, 42.4382, 41.6173, 52.9528, 47.2652, 52.469, 47.2969, 47.8017, 48.3839],
[28.1603, 28.2843, 20.2485, 35.1141, 38.9487, 3.60555, 31.305, 14.8661, 29, 25, 48.8467, 37.6431, 44.1814, 49.1935, 49.2037, 39.8246, 56.0892, 35.9026, 54.231, 40.3113, 24.4131, 30.0167, 25.4951, 25.7099, 23.0868, 21.4709, 21.3776, 37.9473, 38.0789, 36.4006, 40.3113, 41.7253, 39.6232, 0, 4.12311, 2.23607, 30.0832, 34.8855, 31.9061, 12.0416, 13.0384, 17.2047, 31.241, 28.6007, 26.1725, 22, 27.1662, 28.0179, 47.8539, 46.9574, 45.31, 36.6197, 40.3609, 40, 46.3897, 47.0425, 41.3038, 51.8941, 46.0652, 47.927, 47.5079, 51.614, 51.614, 41.7732, 38.2099, 43.2782, 55.5788, 58.6941, 56.7539, 34.3657, 38.833, 36.3456, 57.2189, 51.3517, 51.2445, 43.566, 36.7151, 41.0488, 23.3452, 22.0227, 20.8087],
[24.6982, 24.1868, 17, 34.9285, 36.7967, 3.16228, 27.2947, 13.4164, 27.2029, 26.3059, 44.7772, 33.9706, 40.1123, 46.1411, 46.7547, 38.2753, 52.3927, 32.28, 50.1597, 36.3593, 21.4709, 26, 21.3776, 21.587, 19.6977, 18.6011, 17.72, 37.855, 37.6431, 36.4966, 38.4187, 39.6989, 37.8021, 4.12311, 0, 2, 26, 30.8869, 28.0179, 10.7703, 12.3693, 16.1555, 29.6816, 27.2947, 24.4131, 23.3452, 28.0179, 29.1548, 43.8292, 42.9418, 41.2311, 32.8024, 36.7696, 36.2353, 42.2966, 43.0116, 37.2156, 48.7647, 43.0465, 44.7214, 45.2548, 49.0408, 49.0408, 40, 36.4006, 41.6173, 51.788, 55.0818, 53.1601, 30.5941, 35.171, 32.5576, 53.1507, 47.2652, 47.1699, 39.6611, 32.7567, 37.2022, 20, 18.868, 17.8885],
[26.5707, 26.1725, 18.7883, 35.4401, 38.1838, 3.16228, 29.0689, 14.4222, 28.4253, 26.0768, 46.6154, 35.4683, 42.107, 47.8853, 48.2701, 39.4081, 54.3415, 34.2053, 52.1536, 38.0789, 22.4722, 28, 23.3452, 23.5372, 21.5407, 20.2485, 19.6469, 38.3275, 38.2753, 36.8782, 39.6989, 41.0366, 39.0512, 2.23607, 2, 0, 27.8568, 32.6497, 29.6816, 11.6619, 13, 17, 30.8058, 28.3019, 25.6125, 23.0868, 28.0179, 29.0172, 45.618, 44.7214, 43.0813, 34.4093, 38.2099, 37.8021, 44.2832, 45.0111, 39.2046, 50.5371, 44.7772, 46.5188, 46.6905, 50.6063, 50.6063, 41.2311, 37.6431, 42.8019, 53.7587, 57.0088, 55.0818, 32.5576, 37.108, 34.5254, 55.1453, 49.2544, 49.163, 41.3401, 34.4819, 38.833, 21.2603, 20, 18.868],
[19.0263, 7, 20.1246, 46.8188, 37.0135, 28.178, 3, 28.4253, 32.9848, 45.607, 18.7883, 13.0384, 17.4642, 36.6742, 42.45, 42.107, 34.8281, 20.2485, 26.6833, 11.4018, 16.6433, 10.198, 6.7082, 5.83095, 18.9737, 22.8473, 16.5529, 49.6488, 47.8017, 49.3964, 40, 40.05, 40.0125, 30.0832, 26, 27.8568, 0, 5.83095, 6.08276, 28.2843, 30.4138, 30.8058, 35.9026, 35.7351, 31.6228, 43.2782, 45.4863, 47.4342, 18.0278, 17.2047, 15.2315, 10.198, 16.1245, 13.6015, 18.6815, 21.0238, 14.3178, 38.0789, 34.5398, 34, 42.7551, 43.3244, 43.3244, 42, 39.0512, 44, 33.0151, 38.2884, 36.7967, 17.088, 21.4709, 17.8885, 29.6142, 23.5372, 23.7697, 15, 8.06226, 13.4164, 13.4164, 15.2315, 17.088],
[24.3311, 12.3693, 25.9422, 52.5547, 42.0476, 33.2866, 3.60555, 34.2053, 38.6005, 51.4004, 14.3178, 8.24621, 17.6918, 40.1622, 46.6905, 47.3814, 36.1248, 24.3311, 25.4951, 5.65685, 17.4642, 15.0333, 12.53, 11.6619, 24.6982, 28.6356, 22.3607, 55.3624, 53.4509, 55.1543, 45.0999, 45.0111, 45.1774, 34.8855, 30.8869, 32.6497, 5.83095, 0, 4.12311, 33.9706, 36.1248, 36.6197, 41.4849, 41.4367, 37.3363, 49.0408, 51.3128, 53.2541, 13, 12.083, 11.0454, 5.09902, 11.0454, 8.06226, 18.0278, 21.2603, 14.8661, 41.2311, 38.3275, 37.3363, 47.2652, 47.2969, 47.2969, 47.0956, 44.2832, 49.0918, 33.9411, 39.6989, 38.4187, 21.2132, 25, 21.587, 28.2312, 22.3607, 22.8254, 9.21954, 2.23607, 7.61577, 15.0333, 17.0294, 19.0263],
[25, 13.0384, 25.2982, 52.2015, 43.0465, 30.6105, 3.16228, 32.7567, 38.6394, 49.93, 18.1108, 7.28011, 21.4009, 42.5441, 48.5077, 48.0416, 39.598, 26.2488, 29.5466, 8.544, 13.3417, 16.2788, 12.1655, 11.1803, 24.5153, 28.1603, 21.8403, 55.0818, 53.3667, 54.7083, 46.0109, 46.0977, 46, 31.9061, 28.0179, 29.6816, 6.08276, 4.12311, 0, 32.2025, 34.4093, 35.3553, 41.5933, 41.2311, 37.108, 47.4342, 50.1199, 51.9711, 16.4924, 15.5242, 15, 5, 10.4403, 8.60233, 21.9545, 25, 18.4391, 43.8292, 40.4969, 39.8121, 48.8365, 49.3356, 49.3356, 48.0104, 45.0111, 50.01, 37.5366, 43.1393, 41.7732, 23.0868, 27.313, 23.7697, 32.311, 26.4008, 26.8328, 11.6619, 5.09902, 9.21954, 11, 13, 15],
[19.0263, 23.8537, 11.1803, 24.3311, 27.0185, 8.60233, 30.4795, 2.82843, 16.9706, 17.8885, 46.4004, 39.1152, 38.2753, 38.2753, 37.4433, 27.8029, 47.0425, 27.0185, 48.0833, 39.6232, 29.6142, 24.1661, 22.0227, 22.6716, 14.1421, 11.0454, 13.9284, 27.2947, 26.9258, 26.0768, 28.2843, 29.7321, 27.5862, 12.0416, 10.7703, 11.6619, 28.2843, 33.9706, 32.2025, 0, 2.23607, 5.38516, 19.2094, 16.6433, 14.1421, 15.2643, 18.6815, 20.2485, 46.0977, 45.3431, 42.8019, 37.2022, 42.19, 40.8044, 40.8534, 40.5216, 35.8469, 41.1096, 35.1141, 37.3631, 35.609, 39.9625, 39.9625, 29.7321, 26.1725, 31.241, 47.0106, 49.2544, 47.2652, 26.3059, 30.0167, 28.2843, 50.9608, 45.5412, 45.2217, 43.1856, 36.1248, 41.2311, 27.2029, 26.6833, 26.3059],
[20.2237, 25.807, 12.6491, 22.561, 26.6271, 9.84886, 32.6497, 3, 16.4012, 15.6525, 48.4149, 41.3401, 39.9249, 38.6005, 37.2156, 26.9072, 48, 28.1603, 49.6488, 41.7732, 31.7805, 25.9422, 24.0832, 24.7588, 15.5242, 12.0416, 15.6525, 25.4951, 25.2982, 24.1868, 27.6586, 29.2062, 26.9072, 13.0384, 12.3693, 13, 30.4138, 36.1248, 34.4093, 2.23607, 0, 4.24264, 18.3848, 15.6205, 13.6015, 13.0384, 16.4924, 18.0278, 48.1664, 47.4236, 44.8219, 39.4081, 44.4185, 43.0116, 42.5441, 42.0595, 37.5766, 41.4849, 35.4401, 37.855, 35.2278, 39.8246, 39.8246, 29, 25.4951, 30.4138, 48.0937, 50.0899, 48.0937, 27.6586, 31.1448, 29.6142, 52.4976, 47.1699, 46.8188, 45.3431, 38.2884, 43.4166, 29.4109, 28.8617, 28.4429],
[18.0278, 25.4558, 11.4018, 19.105, 22.4722, 13.8924, 33.2866, 3, 12.2066, 14.8661, 48.1041, 42.4853, 38.4708, 34.9285, 33.121, 22.6716, 45.0999, 25.7099, 47.927, 42.2019, 34.2345, 25, 24.2074, 25, 13.8924, 9.84886, 14.8661, 22.0907, 21.587, 21, 23.4307, 25, 22.6716, 17.2047, 16.1555, 17, 30.8058, 36.6197, 35.3553, 5.38516, 4.24264, 0, 14.1421, 11.4018, 9.43398, 12.8062, 14.7648, 16.6433, 48.1041, 47.4236, 44.5533, 40.3113, 45.618, 43.909, 41.1825, 40.3113, 36.3593, 37.855, 31.7805, 34.3657, 31.0644, 35.7771, 35.7771, 24.7588, 21.2603, 26.1725, 45.3982, 47, 45, 25.632, 28.6356, 27.5136, 50.6952, 45.618, 45.1885, 45.8039, 38.833, 44.1022, 31.5753, 31.257, 31.0644],
[17.4642, 29.1204, 17.0294, 12.0416, 9.21954, 27.8029, 38.833, 16.4012, 3, 20.025, 49.7393, 48.8365, 36.8782, 24.0832, 19.9249, 8.60233, 37.3363, 21.9317, 44.6878, 46.4866, 44.4072, 26.9258, 29.4279, 30.4138, 17.1172, 14.0357, 20.025, 14.4222, 12.083, 14.8661, 9.43398, 11.1803, 8.60233, 31.241, 29.6816, 30.8058, 35.9026, 41.4849, 41.5933, 19.2094, 18.3848, 14.1421, 0, 3.16228, 5.38516, 20.0998, 17.2627, 19.4165, 50.5371, 50.0899, 46.5296, 46.0977, 51.9711, 49.4773, 39.6989, 37.4833, 35.805, 27.074, 21.2132, 24.5153, 17.4642, 22.8035, 22.8035, 10.6301, 7.2111, 12.0416, 38.4838, 38.3275, 36.4006, 23.6008, 24.0832, 24.8395, 47.0106, 43.1393, 42.45, 49.98, 43.6807, 49.0408, 41.1947, 41.4367, 41.7732],
[18.0278, 29.1548, 16.1245, 11.1803, 12.3693, 25.2389, 38.6005, 13.8924, 3.60555, 17.1172, 50.4777, 48.5077, 38.1838, 27.0185, 23.0868, 11.3137, 39.8497, 23.4307, 46.4004, 46.6154, 43.1045, 27.2947, 29.1204, 30.0832, 16.7631, 13.1529, 19.4165, 13.9284, 12.1655, 13.8924, 12.53, 14.3178, 11.6619, 28.6007, 27.2947, 28.3019, 35.7351, 41.4367, 41.2311, 16.6433, 15.6205, 11.4018, 3.16228, 0, 4.12311, 17.0294, 14.5602, 16.7631, 51.1077, 50.6063, 47.1699, 45.8803, 51.6624, 49.3356, 41.0122, 39.0512, 36.8782, 30.0167, 24.0832, 27.2947, 20.6155, 25.9615, 25.9615, 13.6015, 10.2956, 14.8661, 40.8534, 41, 39.0512, 24.7588, 25.807, 26.1725, 48.8262, 44.6878, 44.0454, 50.1597, 43.6578, 49.0408, 40.0125, 40.1123, 40.3113],
[14.2127, 25.0799, 12.0416, 15.2315, 13.0384, 22.6716, 34.4819, 11.3137, 2.82843, 18.9737, 46.6154, 44.3847, 34.7131, 26.1725, 23.7065, 13.8924, 37.855, 20.2485, 43.2666, 42.5441, 39.2046, 23.3238, 25, 25.9615, 12.6491, 9.05539, 15.2971, 18.0278, 16.2788, 17.8885, 14.1421, 15.6205, 13.4536, 26.1725, 24.4131, 25.6125, 31.6228, 37.3363, 37.108, 14.1421, 13.6015, 9.43398, 5.38516, 4.12311, 0, 18.2483, 17, 19.2354, 47.1699, 46.6476, 43.2666, 41.7612, 47.5395, 45.2217, 37.5366, 35.805, 33.2415, 29.1548, 23.0868, 26, 21.6333, 26.4008, 26.4008, 15.6205, 12.0416, 17.2047, 38.6005, 39.3192, 37.3363, 21.2603, 22.8254, 22.8035, 45.793, 41.4005, 40.8044, 46.0977, 39.5601, 44.9444, 36.0555, 36.2215, 36.4966],
[30.4138, 38.2099, 24.2074, 16.2788, 29.2746, 20.2237, 45.607, 14.8661, 20.025, 3, 60.8769, 54.3783, 51.1077, 44, 39.8121, 26.5707, 56.0892, 37.6962, 60.3738, 54.6717, 44.2719, 37.8021, 36.7967, 37.5366, 26.6271, 22.4722, 27.6586, 18.4391, 19.8494, 16.4012, 28.8617, 30.8058, 27.8927, 22, 23.3452, 23.0868, 43.2782, 49.0408, 47.4342, 15.2643, 13.0384, 12.8062, 20.0998, 17.0294, 18.2483, 0, 5.83095, 6.08276, 60.8112, 60.1082, 57.3149, 52.4309, 57.4543, 56.0357, 53.8516, 52.7731, 49.0918, 47, 41.0122, 44.1022, 37.108, 42.7551, 42.7551, 29.4109, 26.6833, 30.0832, 56.7539, 57.5587, 55.5788, 38.0132, 40.4969, 39.8121, 63.0714, 58.1808, 57.7062, 58.258, 51.225, 56.4004, 42.1545, 41.4367, 40.8044],
[30.6105, 39.8246, 25.6125, 10.8167, 26.0192, 25, 48.0208, 17.4642, 18.0278, 3.60555, 62.2896, 57.2451, 51.4004, 41.3038, 36.1248, 22.3607, 54.4059, 37.2156, 60.208, 56.8595, 48.2701, 38.8973, 38.833, 39.6611, 27.5862, 23.3452, 29.2062, 12.7279, 14.4222, 10.6301, 25.0799, 27.074, 24.0832, 27.1662, 28.0179, 28.0179, 45.4863, 51.3128, 50.1199, 18.6815, 16.4924, 14.7648, 17.2627, 14.5602, 17, 5.83095, 0, 2.23607, 62.482, 61.8466, 58.7963, 55.0727, 60.3738, 58.6686, 54.2033, 52.6973, 49.679, 44.2832, 38.4708, 41.7732, 33.2415, 39.1152, 39.1152, 25.318, 23.0217, 25.7099, 55.3624, 55.5428, 53.6004, 38.0132, 39.8246, 39.6611, 62.7694, 58.2495, 57.6888, 60.4649, 53.535, 58.8303, 45.8803, 45.3542, 44.911],
[32.8024, 41.8688, 27.6586, 12.083, 28.0713, 26.0768, 49.93, 19.2354, 20.2485, 3.16228, 64.3817, 59.0593, 53.6004, 43.4166, 38.0526, 24.1868, 56.6127, 39.4462, 62.434, 58.8218, 49.7293, 41.0122, 40.8044, 41.6173, 29.6985, 25.4558, 31.241, 13.6015, 15.6525, 11.4018, 27.0185, 29.0172, 26.0192, 28.0179, 29.1548, 29.0172, 47.4342, 53.2541, 51.9711, 20.2485, 18.0278, 16.6433, 19.4165, 16.7631, 19.2354, 6.08276, 2.23607, 0, 64.5368, 63.8905, 60.8769, 56.9386, 62.1772, 60.5392, 56.4004, 54.9181, 51.8556, 46.3897, 40.6079, 43.9318, 35.1283, 41.0488, 41.0488, 27.1662, 25, 27.4591, 57.5847, 57.7235, 55.7853, 40.2244, 42.0595, 41.8808, 65, 60.4649, 59.9083, 62.426, 55.4707, 60.7454, 47.4342, 46.8402, 46.3249],
[33.121, 22.6716, 36.8782, 62.2656, 49.0408, 46.1411, 16.5529, 45.9674, 47.8853, 62.9682, 2.82843, 14.3178, 17.0294, 43.0116, 51.1566, 55.0273, 34.176, 30.0832, 19.4165, 8.06226, 29.0172, 23.8537, 24.0832, 23.4307, 35, 39.2046, 33.3017, 64.8845, 62.6099, 65, 52.2015, 51.6624, 52.4976, 47.8539, 43.8292, 45.618, 18.0278, 13, 16.4924, 46.0977, 48.1664, 48.1041, 50.5371, 51.1077, 47.1699, 60.8112, 62.482, 64.5368, 0, 1, 4.12311, 13, 14.3178, 11.4018, 15.2971, 19.4165, 16.1245, 43.1856, 42.0476, 40.0125, 52.469, 51.0098, 51.0098, 54.1202, 51.8652, 56.0446, 31.3847, 37.6962, 37, 27.5136, 29.4279, 26.9258, 21.2603, 17, 17.8885, 6.32456, 11.4018, 9.21954, 27.2947, 29.2746, 31.257],
[32.6497, 22.0227, 36.2353, 61.7738, 48.7647, 45.2769, 15.6525, 45.2548, 47.4131, 62.2896, 3.60555, 13.3417, 17.1172, 43.0465, 51.0882, 54.7083, 34.5398, 29.8329, 20, 7.07107, 28.0179, 23.3238, 23.3452, 22.6716, 34.4093, 38.6005, 32.6497, 64.4127, 62.1691, 64.4981, 51.923, 51.4198, 52.2015, 46.9574, 42.9418, 44.7214, 17.2047, 12.083, 15.5242, 45.3431, 47.4236, 47.4236, 50.0899, 50.6063, 46.6476, 60.1082, 61.8466, 63.8905, 1, 0, 4, 12, 13.4164, 10.4403, 15.5242, 19.6469, 16.0312, 43.2897, 42.0119, 40.05, 52.345, 51, 51, 53.8516, 51.5461, 55.7853, 31.7805, 38.0789, 37.3363, 27.2029, 29.2746, 26.6833, 21.9317, 17.4929, 18.3576, 5.38516, 10.4403, 8.24621, 26.3059, 28.2843, 30.2655],
[29.1548, 19.105, 33.2415, 58.3095, 44.9222, 43.382, 14.3178, 42.5206, 43.909, 59.397, 3.60555, 14.7648, 13.1529, 39.0512, 47.0956, 50.9215, 30.8707, 25.9615, 16.9706, 7.61577, 28.1603, 20, 20.8087, 20.2485, 31.241, 35.4683, 29.6985, 60.9016, 58.5918, 61.0574, 48.0833, 47.5395, 48.3839, 45.31, 41.2311, 43.0813, 15.2315, 11.0454, 15, 42.8019, 44.8219, 44.5533, 46.5296, 47.1699, 43.2666, 57.3149, 58.7963, 60.8769, 4.12311, 4, 0, 12.6491, 15.6205, 12.2066, 11.7047, 15.8114, 12.0416, 39.3192, 38.0132, 36.0555, 48.3735, 47, 47, 50, 47.7598, 51.923, 28.178, 34.4384, 33.6155, 23.4094, 25.318, 22.8035, 19.2094, 14.2127, 15, 7.81025, 10.0499, 10, 26, 28, 30],
[29.1548, 17.1172, 30.0832, 56.921, 47.0106, 35.4683, 7.28011, 37.7359, 43.1741, 54.9181, 15.1327, 3.16228, 22.0227, 45.2217, 51.788, 52.2398, 40.6079, 29.4279, 28.8444, 5.09902, 16.0312, 20, 16.7631, 15.8114, 29.1204, 32.8938, 26.5707, 59.7746, 57.9741, 59.4643, 50.04, 50, 50.0899, 36.6197, 32.8024, 34.4093, 10.198, 5.09902, 5, 37.2022, 39.4081, 40.3113, 46.0977, 45.8803, 41.7612, 52.4309, 55.0727, 56.9386, 13, 12, 12.6491, 0, 6, 3.60555, 21.9317, 25.4951, 19.4165, 46.2385, 43.4166, 42.3792, 52.345, 52.3927, 52.3927, 52.0384, 49.163, 54.037, 38.2884, 44.2041, 43.0116, 26.3059, 30.0832, 26.6833, 31.3847, 25.807, 26.4008, 7.28011, 3.60555, 4.47214, 14.5602, 16.4924, 18.4391],
[35.1283, 23.0868, 35.7351, 62.6418, 53.0094, 39.6232, 13.1529, 42.9418, 49.0306, 60.0333, 17, 3.16228, 26.9258, 50.9608, 57.7062, 58.2151, 45.4863, 35.3553, 32.5576, 8.60233, 17.4642, 26, 22.561, 21.587, 34.9285, 38.6005, 32.28, 65.521, 63.7887, 65.146, 56.0357, 56, 56.0803, 40.3609, 36.7696, 38.2099, 16.1245, 11.0454, 10.4403, 42.19, 44.4185, 45.618, 51.9711, 51.6624, 47.5395, 57.4543, 60.3738, 62.1772, 14.3178, 13.4164, 15.6205, 6, 0, 3.60555, 26.4008, 30.2324, 24.5967, 51.8652, 49.2443, 48.0833, 58.3095, 58.2495, 58.2495, 58.0345, 55.1453, 60.0333, 43.0116, 49.0918, 48.0208, 32.249, 35.9026, 32.5576, 34.8281, 29.6985, 30.4138, 8.06226, 9.21954, 5.65685, 17.2047, 18.868, 20.5913],
[32.3883, 20.3961, 33.6155, 60.407, 50.0899, 38.9487, 10.7703, 41.3401, 46.5725, 58.5235, 13.9284, 3, 23.3238, 47.5395, 54.4518, 55.4437, 41.8808, 32.1403, 29.0689, 5, 18.4391, 23.0868, 20.2485, 19.3132, 32.573, 36.4006, 30.0832, 63.2456, 61.4003, 62.9682, 53.1507, 53.0377, 53.2353, 40, 36.2353, 37.8021, 13.6015, 8.06226, 8.60233, 40.8044, 43.0116, 43.909, 49.4773, 49.3356, 45.2217, 56.0357, 58.6686, 60.5392, 11.4018, 10.4403, 12.2066, 3.60555, 3.60555, 0, 22.8035, 26.6271, 21.0238, 48.3839, 45.8912, 44.643, 55.1453, 54.9181, 54.9181, 55.1453, 52.345, 57.1402, 39.4081, 45.4863, 44.4185, 29.0689, 32.5576, 29.2746, 31.4006, 26.1725, 26.8701, 5.09902, 6, 2.23607, 17.4642, 19.3132, 21.1896],
[23.6008, 18.1108, 29.9666, 51.7397, 36.2353, 43.7379, 19.6977, 39.8121, 37.4833, 55.4707, 13.0384, 24.7588, 2.82843, 28.0713, 36.6742, 42.5441, 19.2354, 17.8045, 8.06226, 17.8045, 34.9285, 16.7631, 21.0238, 21, 27.2947, 31.3847, 26.9258, 54.037, 51.4004, 54.5619, 39.3573, 38.4838, 39.8246, 46.3897, 42.2966, 44.2832, 18.6815, 18.0278, 21.9545, 40.8534, 42.5441, 41.1825, 39.6989, 41.0122, 37.5366, 53.8516, 54.2033, 56.4004, 15.2971, 15.5242, 11.7047, 21.9317, 26.4008, 22.8035, 0, 4.12311, 5.09902, 28.0179, 27.4591, 25.0799, 38.3275, 36.2215, 36.2215, 41.1461, 39.4462, 42.9535, 16.6433, 22.8254, 21.9317, 16.2788, 16.1245, 14.8661, 11.0454, 5, 5.09902, 19.2354, 18.4391, 20.8087, 31.9531, 33.8378, 35.7351],
[22.3607, 19.105, 29.4109, 49.4975, 33.2866, 44.1814, 22.4722, 39.2173, 35.4683, 54.2033, 17.1172, 28.4253, 3.60555, 24.1868, 32.9848, 39.6611, 15.2643, 15.6205, 7.61577, 21.6333, 37.5899, 17.0294, 22.2036, 22.3607, 26.5707, 30.4631, 26.6833, 51.6624, 48.9183, 52.3259, 36.3593, 35.3553, 36.8917, 47.0425, 43.0116, 45.0111, 21.0238, 21.2603, 25, 40.5216, 42.0595, 40.3113, 37.4833, 39.0512, 35.805, 52.7731, 52.6973, 54.9181, 19.4165, 19.6469, 15.8114, 25.4951, 30.2324, 26.6271, 4.12311, 0, 6.7082, 24, 23.7697, 21.2132, 34.7851, 32.3883, 32.3883, 38.0789, 36.6197, 39.8246, 12.8062, 18.868, 17.8885, 14.7648, 13.4536, 13.0384, 10.4403, 5.65685, 5, 23.2594, 21.9317, 24.6982, 34.4384, 36.2491, 38.0789],
