/*********************************************
 * OPL 12.8.0.0 Model
 * Author: sebashc
 * Creation Date: 18/05/2018 at 4:11:38 p. m.
 *********************************************/
 execute
{
cplex.tilim=3600;
cplex.epgap=0.01;
} 
 
/***Constants***/
int depots=1; // Number of depots
int positions=80; // Number of current positions + (current positions + posibles positions)
int currentPositions=20; // Current positions
int vehicles=3; // Number of vehicles
//int maxCompartments=153; // Number of max compartments of the vehicle

/***Sets***/
range D=1..depots; // Set of depots
range V=1..depots+positions; // Set of vertices
range S=depots+1..depots+positions; // Set of current positions + posibles positions
range A=depots+1..depots+currentPositions; // Set of current positions
range K=1..vehicles; // Set of vehicles
//range M=1..maxCompartments; // Set of posibles configurations of compartments

/***Parametres***/
float c[V][V]=
[[0, 12.0416, 8.06226, 29.1548, 18.1108, 24.7386, 22.0227, 17.2627, 14.7648, 31.9061, 32.45, 32.0624, 20.8087, 22.0227, 25.0599, 23.0868, 28.1603, 8, 29.9666, 29.1204, 30.8707, 12.1655, 15.0333, 12.1655, 5.38516, 5.09902, 7.2111, 31.6228, 29.9666, 31.7648, 15.1327, 16.7631, 19.6469, 23.1948, 26.3059, 24.6982, 24.3311, 19, 22.0907, 20.2237, 14.3178, 14.3178, 17.4642, 14.8661, 12.2066, 32.8024, 28.8444, 32.8024, 34.2053, 29.6816, 30.0167, 32.0156, 32.3883, 30, 22.8254, 20.1246, 22.6716, 25.4951, 19.4165, 23.3238, 21.9545, 23.7697, 25, 20, 20.0998, 23.5372, 31.0161, 31.0161, 31.0644, 5, 5, 8.544, 29.1548, 32.6956, 33.1059, 30.4138, 27.4591, 28.2312, 31.9531, 32.249, 33.6155],
[12.0416, 0, 14.2127, 40.3113, 30.0167, 25.7099, 10, 23.4307, 26.2488, 40.3113, 22.6716, 20.025, 16, 30.5287, 35.7351, 35.1283, 30.8869, 13.8924, 26.0192, 17.4642, 21.2603, 3, 3.60555, 3, 11.6619, 14.3178, 10.6301, 42.4853, 41.4367, 43.0813, 27.0185, 28.2843, 31.257, 25.632, 28.1603, 24.1868, 12.3693, 7.07107, 10.4403, 25.807, 21.2132, 21.2132, 29.1204, 25.4951, 23.4094, 41.8688, 37.5366, 41.8688, 25, 19.8494, 19.799, 20.0998, 20.3961, 18.0278, 19.0263, 17.2627, 16.2788, 34.1321, 27.4591, 30.6105, 32.573, 34.9285, 34.9285, 32.0156, 32.1403, 35.5106, 32.6956, 32.6956, 33.1059, 12.6491, 12.6491, 16.5529, 24.1868, 29.0172, 29.0689, 18.4391, 15.5242, 17.2047, 21.6333, 23.3452, 23.6008],
[8.06226, 14.2127, 0, 26.9258, 21.4709, 16.7631, 22.8473, 9.84886, 14.0357, 26.1725, 36.7696, 32.573, 27.313, 29.1548, 30.4795, 24.7386, 36.2215, 16.0312, 37, 31.3847, 27.4591, 12.53, 15.6525, 12.53, 3.16228, 3.60555, 3.60555, 28.7924, 28.4429, 29.8329, 18.868, 21.4009, 23.8537, 15.1327, 18.2483, 17, 25.9422, 19.6977, 21.8403, 12.6491, 7.2111, 7.2111, 17.0294, 12.1655, 11.0454, 27.6586, 23.3452, 27.6586, 38.9487, 33.9411, 33.9706, 31.7805, 33.6155, 30.0832, 29.7321, 27.2029, 28.6531, 32.45, 26.8328, 30.8707, 27.5862, 28.6007, 31.1448, 22.4722, 21.8403, 24.1868, 39.0512, 39.0512, 39.1152, 13.0384, 13.0384, 16.4924, 35.8469, 39.8497, 40.1622, 31.7805, 29.0689, 31.4006, 29.1548, 28.1603, 30.4138],
[29.1548, 40.3113, 26.9258, 0, 18.3848, 32.28, 49.6488, 22.0907, 14.4222, 14.4222, 61.5873, 59.4811, 48.9183, 33.8378, 27.1662, 13.1529, 48.3011, 33.9706, 56.6392, 57.7754, 53.0377, 39.2173, 42.3792, 39.2173, 28.7924, 26, 30.3645, 3.16228, 2.82843, 3, 19.7231, 21.9317, 20.8806, 29.1204, 31.0161, 34.9285, 52.5547, 46.4866, 48.7647, 22.561, 22.0227, 22.0227, 12.0416, 14.8661, 17, 12.083, 12.7279, 12.083, 63.2456, 58.8303, 59.1693, 58.6941, 60.407, 57.0088, 50.2096, 47.3814, 51.225, 34.9285, 34.0147, 37.3363, 26.6833, 24.1868, 30.4138, 15.8114, 13.9284, 10.198, 51.8845, 51.8845, 51.4296, 32.0156, 32.0156, 31.8277, 56.5685, 58.8982, 59.5483, 58.5235, 55.7136, 57.2451, 55.1453, 53.0094, 56.0357],
[18.1108, 30.0167, 21.4709, 18.3848, 0, 35.3836, 40.0125, 24.2074, 10.2956, 29.0172, 47.7598, 50, 33.541, 15.5242, 10.7703, 6.40312, 30.0167, 18.9737, 39.8246, 46.3897, 48.3839, 30.2655, 33.1361, 30.2655, 21.1896, 18.3848, 23.4094, 21.5407, 17.4929, 19.7231, 3, 3.60555, 3.16228, 32.6497, 35.609, 36.7967, 42.0476, 37.054, 40.1995, 26.6271, 21.9317, 21.9317, 9.21954, 13.8924, 12.0416, 28.0713, 26.0768, 28.0713, 48.8467, 45.2217, 45.8803, 50.0899, 50.0899, 48.0416, 34.1321, 31.3847, 36.2491, 17.0294, 15.6525, 18.9737, 9.05539, 8.06226, 13.1529, 2.82843, 4.47214, 8.60233, 33.6155, 33.6155, 33.121, 18.2483, 18.2483, 16.1555, 40.2244, 41.7732, 42.5206, 48.0937, 45.0999, 44.911, 49.7293, 49.3964, 51.2445],
[24.7386, 25.7099, 16.7631, 32.28, 35.3836, 0, 29.6816, 11.4018, 25.4951, 23.1948, 46.9574, 36.7696, 41.4367, 45.618, 45.607, 36.4006, 52.7731, 32.5576, 51.4781, 38.833, 24.5967, 22.8035, 24.6982, 22.8035, 19.4165, 20.2485, 18.1108, 32.5576, 34.7851, 35.171, 33.4216, 36.4006, 38.2884, 3.16228, 2.82843, 3.16228, 33.2866, 27.2947, 27.2029, 9.84886, 13.4536, 13.4536, 27.8029, 22.0227, 23.3452, 26.0768, 22, 26.0768, 49.6588, 44.2832, 43.8292, 34.7131, 38.9487, 33.9411, 44.2832, 42.107, 41.9762, 48.7647, 43.4626, 47.5395, 43.0116, 43.2782, 46.8722, 35.3836, 34.0588, 34.6699, 55.4437, 55.4437, 55.5788, 29.6142, 29.6142, 33.2415, 49.8197, 54.4518, 54.5894, 37.6431, 35.805, 40.3113, 27.2947, 23.4094, 27.313],
[22.0227, 10, 22.8473, 49.6488, 40.0125, 29.6816, 0, 30.8058, 35.9026, 48.0104, 17.72, 10.0499, 18.868, 39.3954, 45.3542, 45.0999, 36.7967, 23.0868, 27.5136, 9.21954, 15.2315, 10.4403, 7.28011, 10.4403, 20.8806, 23.7697, 19.3132, 51.6236, 50.9608, 52.4976, 37.0135, 38.2099, 41.1947, 30.6105, 32.45, 27.2947, 3.60555, 3.16228, 3, 32.6497, 29.1548, 29.1548, 38.833, 34.7851, 32.9848, 49.93, 45.4863, 49.93, 20.6155, 15.2971, 14.5602, 10.198, 10.7703, 8.06226, 21.9545, 21.4009, 17.4642, 42.9535, 36.2491, 38.9487, 42.2019, 44.7214, 44.2719, 42.0119, 42.107, 45.3982, 37.8021, 37.8021, 38.4187, 22.3607, 22.3607, 25.9615, 25, 30.3645, 30.0832, 8.94427, 6.40312, 10.7703, 14.4222, 18.0278, 16.6433],
[17.2627, 23.4307, 9.84886, 22.0907, 24.2074, 11.4018, 30.8058, 0, 14.1421, 17.2047, 46.0977, 39.8246, 37.1618, 35.7351, 34.6699, 25, 45, 25.1794, 46.8188, 39.8246, 31.257, 21.2132, 24.0832, 21.2132, 13, 12.1655, 13.0384, 23.0217, 24.3311, 25.0799, 22.4722, 25.5539, 27.2029, 8.48528, 11.4018, 13.4164, 34.2053, 27.8029, 29.1548, 3, 3, 3, 16.4012, 10.6301, 12.2066, 19.2354, 14.7648, 19.2354, 48.4149, 43.2782, 43.1856, 38.4838, 41.3401, 37.1214, 39.5601, 37, 38.4708, 38.6264, 33.9559, 38.0789, 32.249, 32.2025, 36.2353, 24.0416, 22.6716, 23.3238, 48.0416, 48.0416, 48.0104, 22.2036, 22.2036, 25, 45.6946, 49.6488, 49.98, 39.6611, 37.2022, 40.3113, 33.541, 31.0161, 34.2345],
[14.7648, 26.2488, 14.0357, 14.4222, 10.2956, 25.4951, 35.9026, 14.1421, 0, 20.3961, 47.1699, 45.8912, 34.6554, 24.0208, 21.0238, 11.1803, 36.4006, 19.8494, 42.8019, 43.6578, 41.4367, 25.4951, 28.6356, 25.4951, 15.1327, 12.1655, 17.0294, 17.0294, 15.2315, 17, 9.21954, 12.3693, 13.4164, 22.6274, 25.4951, 27.2029, 38.6005, 32.7567, 35.3553, 16.4012, 12.2066, 12.2066, 3, 3.60555, 3, 20.2485, 17.2627, 20.2485, 48.8262, 44.4185, 44.7772, 45.3982, 46.5725, 43.566, 36.1248, 33.3017, 36.8782, 26.3059, 23.0868, 27.0185, 18.9737, 18.3576, 23.0868, 9.8995, 8.60233, 10.198, 39.8497, 39.8497, 39.5601, 17.6918, 17.6918, 18.0278, 42.5206, 45.2217, 45.8039, 44.643, 41.7612, 42.9535, 43.1856, 41.9762, 44.4072],
[31.9061, 40.3113, 26.1725, 14.4222, 29.0172, 23.1948, 48.0104, 17.2047, 20.3961, 0, 62.9365, 56.9386, 52.6973, 44.1022, 39.3192, 25.7099, 56.7539, 38.9102, 61.7738, 57.0088, 47.1275, 38.2884, 41.2311, 38.2884, 29.0689, 27.2029, 29.6985, 12.7279, 17.2047, 16.2788, 29.0689, 32.0156, 32.0624, 20.3961, 21.0238, 26.3059, 51.4004, 45, 46.3249, 15.6525, 19.105, 19.105, 20.025, 18.0278, 21.1896, 3.16228, 3.16228, 3.16228, 65.1153, 60.1082, 60.1082, 55.4707, 58.5235, 54.2033, 54.7083, 51.9711, 54.4059, 46, 43.4166, 47.2652, 38.0526, 36.3456, 42.107, 27.1662, 25.1794, 22.8035, 60.1664, 60.1664, 59.9083, 36.2353, 36.2353, 37.6962, 61.0574, 64.4127, 64.8845, 56.8595, 54.4059, 57.3847, 49.6488, 46.3249, 50],
[32.45, 22.6716, 36.7696, 61.5873, 47.7598, 46.9574, 17.72, 46.0977, 47.1699, 62.9365, 0, 16.7631, 15.0333, 41.0122, 49.366, 53.8516, 31.6228, 28.7924, 16.6433, 10.0499, 31.0161, 25, 22.4722, 25, 33.9706, 36.2353, 33.2415, 64.0703, 62.2656, 64.1405, 44.9444, 44.9222, 47.8017, 47.5079, 49.6488, 44.7772, 14.3178, 19.6977, 20.6155, 48.4149, 43.8634, 43.8634, 49.7393, 47.2017, 44.6542, 64.3817, 60.1082, 64.3817, 3, 2.82843, 3.16228, 19.6469, 13.9284, 18.2483, 16.1245, 18, 12.0416, 44.0114, 38.0526, 39.0512, 46.5296, 49.8197, 47.0956, 50.3289, 51.0784, 55.0364, 30.8707, 30.8707, 31.7805, 29.9666, 29.9666, 31.6228, 13.8924, 18.4391, 17.6918, 13.3417, 13, 7.07107, 29.1548, 34.0147, 31.257],
[32.0624, 20.025, 32.573, 59.4811, 50, 36.7696, 10.0499, 39.8246, 45.8912, 56.9386, 16.7631, 0, 25, 48.3839, 54.9181, 55.1453, 43.6005, 32.5576, 31.4006, 7.2111, 15.5242, 20.3961, 17.2627, 20.3961, 30.8058, 33.7343, 29.1204, 61.3514, 60.8769, 62.3618, 47, 48.0937, 51.0882, 38.2884, 39.598, 33.9706, 8.24621, 13.1529, 10.7703, 41.3401, 38.4838, 38.4838, 48.8365, 44.643, 42.9535, 59.0593, 54.5894, 59.0593, 19.6469, 15.6525, 14.3178, 3, 3, 2.82843, 27.6586, 28.0179, 22.6716, 51.8652, 45.2217, 47.5395, 51.788, 54.4518, 53.6004, 52.0384, 52.1536, 55.4437, 43.9318, 43.9318, 44.6878, 32.1403, 32.1403, 35.5106, 28.6007, 33.8378, 33.2866, 3.60555, 5.83095, 10.8167, 13.1529, 18.4391, 15.0333],
[20.8087, 16, 27.313, 48.9183, 33.541, 41.4367, 18.868, 37.1618, 34.6554, 52.6973, 15.0333, 25, 0, 26, 34.3657, 39.8246, 18.6011, 15, 10.0499, 18.3576, 34, 19, 18.2483, 19, 24.1661, 25.5539, 24.3516, 51.6624, 49.2037, 51.225, 30.8869, 30.4631, 33.2415, 41, 43.7379, 40.1123, 17.6918, 18.3848, 21.4709, 39.9249, 34.4384, 34.4384, 36.8782, 35.4683, 32.5576, 53.6004, 49.6488, 53.6004, 15.5242, 13.0384, 14.1421, 26.9072, 23.3238, 24.7588, 3.16228, 3.16228, 3, 29.0689, 23.0217, 24.1868, 31.5753, 34.9285, 32.0624, 36.2353, 37.2156, 41.3401, 19.105, 19.105, 19.799, 16.9706, 16.9706, 17.4929, 8.544, 13.0384, 13.1529, 21.6333, 19.2094, 15.2315, 33.2866, 36.6742, 35.5106],
[22.0227, 30.5287, 29.1548, 33.8378, 15.5242, 45.618, 39.3954, 35.7351, 24.0208, 44.1022, 41.0122, 48.3839, 26, 0, 9.43398, 21.0238, 15.5563, 16.6433, 28.7924, 42.9535, 51.614, 32.2025, 34.1321, 32.2025, 27.2029, 25.5539, 29.2062, 37, 32.6956, 34.9285, 15.0333, 12.1655, 13, 43.4626, 46.6154, 46.1411, 40.1622, 37.1214, 40.7063, 38.6005, 32.8938, 32.8938, 24.0832, 27.1662, 24.3311, 43.4166, 41.0488, 43.4166, 41.1947, 39.0128, 40.05, 49.3964, 47.5395, 47.1699, 25.1794, 23.0217, 29, 3.60555, 3.16228, 3.60555, 7.81025, 11.3137, 6.32456, 18.0278, 19.9249, 23.7697, 19.105, 19.105, 18.4391, 18.4391, 18.4391, 14.2127, 30.0832, 29.9666, 30.8707, 45.607, 42.72, 40.4475, 52.1536, 53.4135, 54.0833],
[25.0599, 35.7351, 30.4795, 27.1662, 10.7703, 45.607, 45.3542, 34.6699, 21.0238, 39.3192, 49.366, 54.9181, 34.3657, 9.43398, 0, 14.0357, 24.8395, 22.3607, 38.0789, 50.1597, 55.9017, 36.7696, 39.2173, 36.7696, 29.4109, 27.0185, 31.6228, 30.2655, 25.4951, 27.6586, 12.2066, 9.21954, 7.61577, 43.0116, 46.0435, 46.7547, 46.6905, 42.72, 46.1736, 37.2156, 32.2025, 32.2025, 19.9249, 24.5967, 22.4722, 38.0526, 36.4966, 38.0526, 49.8197, 47.1699, 48.0937, 55.5428, 54.4518, 53.3667, 33.9559, 31.5753, 37.3363, 8.60233, 11.7047, 12.8062, 3.16228, 3, 3.60555, 12.1655, 14.1421, 17.0294, 28.3196, 28.3196, 27.5862, 23.0868, 23.0868, 19.4165, 39.2173, 39.3573, 40.2492, 52.469, 49.4975, 48.0104, 56.8595, 57.3062, 58.6003],
[23.0868, 35.1283, 24.7386, 13.1529, 6.40312, 36.4006, 45.0999, 25, 11.1803, 25.7099, 53.8516, 55.1453, 39.8246, 21.0238, 14.0357, 0, 36.0555, 25.0799, 46.2277, 51.9711, 52.1728, 35, 38.0132, 35, 25.1794, 22.2036, 27.2947, 16.2788, 11.7047, 13.9284, 8.94427, 9.8995, 8.06226, 33.4216, 36.1248, 38.2753, 47.3814, 42.0476, 45, 26.9072, 23.3238, 23.3238, 8.60233, 14.4222, 13.9284, 24.1868, 23.0868, 24.1868, 55.0364, 51.264, 51.8652, 55.0091, 55.4437, 53.0377, 40.4969, 37.7359, 42.4853, 21.8403, 21.6333, 24.5967, 13.6015, 11.0454, 17.2627, 3.60555, 3, 3, 39.6611, 39.6611, 39.1152, 24.0416, 24.0416, 22.3607, 46.6154, 48.1664, 48.9183, 53.4603, 50.4876, 50.6952, 53.7587, 52.8867, 55.109],
[28.1603, 30.8869, 36.2215, 48.3011, 30.0167, 52.7731, 36.7967, 45, 36.4006, 56.7539, 31.6228, 43.6005, 18.6011, 15.5563, 24.8395, 36.0555, 0, 20.2237, 16.0312, 36.8917, 51.4004, 33.541, 34.1321, 33.541, 33.3766, 33.0606, 34.7131, 51.4296, 47.5079, 49.7393, 28.6356, 26.4197, 28.0179, 51.3517, 54.4518, 52.3927, 36.1248, 35.609, 39.0512, 48, 42, 42, 37.3363, 38.833, 35.6931, 56.6127, 53.6004, 56.6127, 30.8058, 30.4631, 31.7805, 45.4533, 41.8808, 43.2782, 16.1245, 15.6205, 21.095, 16.6433, 14.4222, 12.0416, 23.3452, 26.8701, 21.4009, 32.7567, 34.4819, 38.5876, 3.60555, 3.60555, 3.16228, 23.1948, 23.1948, 20, 18.2483, 16.1245, 17.1172, 40.2244, 37.8021, 33.6155, 51.0882, 53.8238, 53.2635],
[8, 13.8924, 16.0312, 33.9706, 18.9737, 32.5576, 23.0868, 25.1794, 19.8494, 38.9102, 28.7924, 32.5576, 15, 16.6433, 22.3607, 25.0799, 20.2237, 0, 23.0217, 28, 35, 15.6205, 17.4929, 15.6205, 13.1529, 13.0384, 14.5602, 36.7696, 34.2053, 36.2353, 16.1555, 16.2788, 19.2354, 31.1448, 34.2345, 32.28, 24.3311, 20.6155, 24.1661, 28.1603, 22.2036, 22.2036, 21.9317, 21.095, 18.0278, 39.4462, 35.7771, 39.4462, 29.9666, 26.2488, 26.9258, 33.2415, 32.1403, 31.0483, 16.2788, 13.4536, 17.4929, 20.2485, 13.6015, 16.9706, 19.2354, 22.0227, 21.1896, 21.5407, 22.3607, 26.4197, 23.0217, 23.0217, 23.0868, 3, 3, 3, 22.6716, 25.5539, 26.0768, 30.1496, 27.1662, 26.1725, 35.5106, 36.8782, 37.4433],
[29.9666, 26.0192, 37, 56.6392, 39.8246, 51.4781, 27.5136, 46.8188, 42.8019, 61.7738, 16.6433, 31.4006, 10.0499, 28.7924, 38.0789, 46.2277, 16.0312, 23.0217, 0, 24.2074, 42.72, 29.0172, 28.0713, 29.0172, 33.8378, 34.9285, 34.2053, 59.5483, 56.5685, 58.6941, 37.5366, 36.4006, 38.833, 50.9902, 53.7587, 50.1597, 25.4951, 27.6586, 30.3645, 49.6488, 44.0114, 44.0114, 44.6878, 44.1022, 41.0488, 62.434, 58.6686, 62.434, 15.2315, 16.2788, 17.6918, 33.8378, 29.0689, 31.9061, 7.28011, 9.84886, 10.198, 31.0483, 26.4008, 25.9615, 35.7771, 39.3573, 35.1141, 42.638, 43.9318, 48.1664, 14.5602, 14.5602, 15.5242, 25.5539, 25.5539, 24.8395, 2.82843, 3, 3.16228, 27.8029, 26.0768, 20.6155, 41.6293, 45.5412, 43.8634],
[29.1204, 17.4642, 31.3847, 57.7754, 46.3897, 38.833, 9.21954, 39.8246, 43.6578, 57.0088, 10.0499, 7.2111, 18.3576, 42.9535, 50.1597, 51.9711, 36.8917, 28, 24.2074, 0, 21, 18.868, 15.8114, 18.868, 29.0689, 31.7805, 27.7849, 59.9333, 58.8727, 60.5392, 43.4166, 44.1022, 47.0956, 39.8246, 41.6173, 36.3593, 5.65685, 12.0416, 11.6619, 41.7732, 38.0132, 38.0132, 46.4866, 42.9535, 40.8534, 58.8218, 54.4059, 58.8218, 13.0384, 8.544, 7.28011, 9.84886, 5, 8.24621, 20.8087, 21.4709, 15.8114, 46.3249, 39.8121, 41.7612, 47.0956, 50.01, 48.5077, 48.6621, 49.0306, 52.6308, 37.0135, 37.0135, 37.8021, 28.1603, 28.1603, 31, 21.4009, 26.6271, 26.0768, 3.60555, 3.16228, 3.60555, 19.105, 24, 21.2132],
[30.8707, 21.2603, 27.4591, 53.0377, 48.3839, 24.5967, 15.2315, 31.257, 41.4367, 47.1275, 31.0161, 15.5242, 34, 51.614, 55.9017, 52.1728, 51.4004, 35, 42.72, 21, 0, 19.4165, 17.6918, 19.4165, 27.2029, 30.0832, 25, 54.231, 55, 56.0357, 45.5412, 47.5395, 50.3289, 26.9258, 27.2947, 21.4709, 17.4642, 15.8114, 12.53, 31.7805, 31.0161, 31.0161, 44.4072, 39.1152, 38.4708, 49.7293, 45.3542, 49.7293, 34.0147, 29.1548, 28.0713, 12.6491, 18.4391, 13.1529, 37.1214, 36.3593, 32.6956, 55.2178, 48.6004, 51.8556, 52.7731, 54.626, 55.5698, 49.7293, 49.2443, 51.6236, 52.6973, 52.6973, 53.2541, 33.2866, 33.2866, 37.4433, 40.1622, 45.5412, 45.2217, 18.1108, 18.0278, 24.0832, 2.82843, 3, 3],
[12.1655, 3, 12.53, 39.2173, 30.2655, 22.8035, 10.4403, 21.2132, 25.4951, 38.2884, 25, 20.3961, 19, 32.2025, 36.7696, 35, 33.541, 15.6205, 29.0172, 18.868, 19.4165, 0, 3.16228, 0, 10.4403, 13.3417, 8.94427, 41.2311, 40.5216, 42.0595, 27.2947, 28.8617, 31.7805, 22.8473, 25.2982, 21.2132, 13.4164, 7.28011, 10, 23.4307, 19.2094, 19.2094, 28.4429, 24.3516, 22.561, 40, 35.609, 40, 27.4591, 22.2036, 22.0227, 20.025, 21.1896, 18.1108, 22.0227, 20.2237, 19.2354, 35.805, 29.2062, 32.5576, 33.6155, 35.7351, 36.2353, 32.0624, 32, 35.1283, 35.4683, 35.4683, 35.8469, 13.8924, 13.8924, 18.0278, 27.1662, 32.0156, 32.0624, 19.3132, 16.5529, 19.105, 20.1246, 21.2603, 21.9545],
[15.0333, 3.60555, 15.6525, 42.3792, 33.1361, 24.6982, 7.28011, 24.0832, 28.6356, 41.2311, 22.4722, 17.2627, 18.2483, 34.1321, 39.2173, 38.0132, 34.1321, 17.4929, 28.0713, 15.8114, 17.6918, 3.16228, 0, 3.16228, 13.6015, 16.4924, 12.083, 44.3847, 43.6807, 45.2217, 30.1496, 31.5753, 34.5254, 25.0599, 27.313, 22.8035, 10.2956, 4.12311, 7.07107, 26.1725, 22.2036, 22.2036, 31.5753, 27.5136, 25.7099, 43.0116, 38.6005, 43.0116, 25.0599, 19.7231, 19.4165, 17, 18.0278, 15.0333, 21.3776, 19.9249, 18, 37.7359, 31.0644, 34.2053, 36.0555, 38.3275, 38.4838, 35.0143, 35.0143, 38.2099, 35.7771, 35.7771, 36.2353, 16.1555, 16.1555, 20.1246, 26, 31.0644, 31.0161, 16.1555, 13.4164, 16.2788, 18.0278, 19.8494, 20],
[12.1655, 3, 12.53, 39.2173, 30.2655, 22.8035, 10.4403, 21.2132, 25.4951, 38.2884, 25, 20.3961, 19, 32.2025, 36.7696, 35, 33.541, 15.6205, 29.0172, 18.868, 19.4165, 0, 3.16228, 0, 10.4403, 13.3417, 8.94427, 41.2311, 40.5216, 42.0595, 27.2947, 28.8617, 31.7805, 22.8473, 25.2982, 21.2132, 13.4164, 7.28011, 10, 23.4307, 19.2094, 19.2094, 28.4429, 24.3516, 22.561, 40, 35.609, 40, 27.4591, 22.2036, 22.0227, 20.025, 21.1896, 18.1108, 22.0227, 20.2237, 19.2354, 35.805, 29.2062, 32.5576, 33.6155, 35.7351, 36.2353, 32.0624, 32, 35.1283, 35.4683, 35.4683, 35.8469, 13.8924, 13.8924, 18.0278, 27.1662, 32.0156, 32.0624, 19.3132, 16.5529, 19.105, 20.1246, 21.2603, 21.9545],
[5.38516, 11.6619, 3.16228, 28.7924, 21.1896, 19.4165, 20.8806, 13, 15.1327, 29.0689, 33.9706, 30.8058, 24.1661, 27.2029, 29.4109, 25.1794, 33.3766, 13.1529, 33.8378, 29.0689, 27.2029, 10.4403, 13.6015, 10.4403, 0, 3, 2.23607, 30.8707, 30.0832, 31.6228, 18.3848, 20.5913, 23.2594, 18.0278, 21.095, 19.3132, 23.7697, 17.72, 20.2237, 15.8114, 10.2956, 10.2956, 18.1108, 13.9284, 12.1655, 30.4138, 26.1725, 30.4138, 36.0694, 31.1448, 31.241, 30.2655, 31.6228, 28.4429, 26.5707, 24.0416, 25.5539, 30.6105, 24.6982, 28.6531, 26.4008, 27.7849, 29.7321, 22.561, 22.2036, 25, 36.1248, 36.1248, 36.2215, 10.198, 10.198, 13.9284, 32.6956, 36.6879, 37, 29.7321, 26.9258, 28.8444, 28.6356, 28.2312, 30.0832],
[5.09902, 14.3178, 3.60555, 26, 18.3848, 20.2485, 23.7697, 12.1655, 12.1655, 27.2029, 36.2353, 33.7343, 25.5539, 25.5539, 27.0185, 22.2036, 33.0606, 13.0384, 34.9285, 31.7805, 30.0832, 13.3417, 16.4924, 13.3417, 3, 0, 5.09902, 28.178, 27.2029, 28.7924, 15.6525, 18.0278, 20.5913, 18.4391, 21.587, 20.5913, 26.5707, 20.6155, 23.1948, 15.1327, 9.21954, 9.21954, 15.1327, 11.1803, 9.21954, 28.3196, 24.2074, 28.3196, 38.2099, 33.4216, 33.6006, 33.2415, 34.4819, 31.4006, 27.7308, 25.0799, 27.2029, 28.8444, 23.2594, 27.313, 24.0832, 25.2389, 27.5862, 19.6469, 19.2354, 22, 36, 36, 36.0139, 10.0499, 10.0499, 13.1529, 34, 37.6962, 38.0789, 32.573, 29.7321, 31.3847, 31.5753, 31.0161, 32.9848],
[7.2111, 10.6301, 3.60555, 30.3645, 23.4094, 18.1108, 19.3132, 13.0384, 17.0294, 29.6985, 33.2415, 29.1204, 24.3516, 29.2062, 31.6228, 27.2947, 34.7131, 14.5602, 34.2053, 27.7849, 25, 8.94427, 12.083, 8.94427, 2.23607, 5.09902, 0, 32.311, 31.7805, 33.2415, 20.6155, 22.8254, 25.4951, 17.0294, 20, 17.72, 22.3607, 16.1555, 18.4391, 15.6525, 10.6301, 10.6301, 20.025, 15.5242, 14.0357, 31.241, 26.9072, 31.241, 35.4683, 30.4138, 30.4138, 28.4429, 30.0832, 26.6833, 26.9258, 24.5153, 25.4951, 32.6497, 26.6271, 30.5287, 28.6007, 30.0167, 31.8904, 24.7386, 24.3311, 27.0185, 37.3363, 37.3363, 37.4833, 11.7047, 11.7047, 15.6525, 32.8938, 37.108, 37.3631, 28.2312, 25.4951, 27.8029, 26.4764, 26, 27.8927],
[31.6228, 42.4853, 28.7924, 3.16228, 21.5407, 32.5576, 51.6236, 23.0217, 17.0294, 12.7279, 64.0703, 61.3514, 51.6624, 37, 30.2655, 16.2788, 51.4296, 36.7696, 59.5483, 59.9333, 54.231, 41.2311, 44.3847, 41.2311, 30.8707, 28.178, 32.311, 0, 5.09902, 3.60555, 22.8254, 25.0799, 24.0416, 29.4279, 31.0483, 35.3553, 54.626, 48.4665, 50.5964, 23.0868, 23.3452, 23.3452, 14.8661, 17, 19.4165, 10, 11.6619, 10, 65.8027, 61.2944, 61.5873, 60.4401, 62.3939, 58.8218, 53.0377, 50.2096, 53.9073, 38.0789, 37.1618, 40.4969, 29.8329, 27.2947, 33.541, 18.9737, 17.088, 13.3417, 55.0091, 55.0091, 54.5619, 34.7131, 34.7131, 34.7131, 59.4138, 61.8466, 62.482, 60.5392, 57.7754, 59.5399, 56.4358, 54.037, 57.2189],
[29.9666, 41.4367, 28.4429, 2.82843, 17.4929, 34.7851, 50.9608, 24.3311, 15.2315, 17.2047, 62.2656, 60.8769, 49.2037, 32.6956, 25.4951, 11.7047, 47.5079, 34.2053, 56.5685, 58.8727, 55, 40.5216, 43.6807, 40.5216, 30.0832, 27.2029, 31.7805, 5.09902, 0, 2.23607, 19.2094, 21.095, 19.6977, 31.6228, 33.6155, 37.3631, 53.7587, 47.8017, 50.2195, 25, 24.0208, 24.0208, 12.53, 16.2788, 18.0278, 14.7648, 15.5563, 14.7648, 63.8122, 59.5399, 59.9416, 60.208, 61.6847, 58.4637, 50.3289, 47.5079, 51.614, 33.5261, 33.121, 36.2491, 25.2982, 22.561, 28.8617, 14.7648, 13.0384, 8.94427, 51.1077, 51.1077, 50.6063, 32.45, 32.45, 31.8904, 56.6392, 58.7282, 59.4138, 59.7746, 56.921, 58.1808, 57.0351, 55.0818, 58],
[31.7648, 43.0813, 29.8329, 3, 19.7231, 35.171, 52.4976, 25.0799, 17, 16.2788, 64.1405, 62.3618, 51.225, 34.9285, 27.6586, 13.9284, 49.7393, 36.2353, 58.6941, 60.5392, 56.0357, 42.0595, 45.2217, 42.0595, 31.6228, 28.7924, 33.2415, 3.60555, 2.23607, 0, 21.4009, 23.3238, 21.9317, 32.0156, 33.8378, 37.855, 55.3624, 49.3356, 51.6624, 25.4951, 25.02, 25.02, 14.4222, 17.72, 19.6977, 13.6015, 15, 13.6015, 65.7343, 61.4003, 61.7738, 61.6117, 63.2456, 59.9083, 52.4023, 49.5782, 53.6004, 35.7351, 35.3553, 38.4838, 27.5136, 24.7386, 31.0483, 17, 15.2643, 11.1803, 53.3385, 53.3385, 52.8394, 34.4093, 34.4093, 33.9706, 58.7282, 60.8769, 61.5549, 61.3514, 58.5235, 59.9333, 58.1378, 56.0089, 59.0339],
[15.1327, 27.0185, 18.868, 19.7231, 3, 33.4216, 37.0135, 22.4722, 9.21954, 29.0689, 44.9444, 47, 30.8869, 15.0333, 12.2066, 8.94427, 28.6356, 16.1555, 37.5366, 43.4166, 45.5412, 27.2947, 30.1496, 27.2947, 18.3848, 15.6525, 20.6155, 22.8254, 19.2094, 21.4009, 0, 3.16228, 5, 30.8058, 33.8378, 34.6554, 39.0512, 34.0588, 37.2156, 25.0599, 20, 20, 9.05539, 12.6491, 10.2956, 28.4429, 26.0192, 28.4429, 46.0977, 42.3792, 43.0116, 47.0956, 47.0956, 45.0444, 31.6228, 28.8444, 33.541, 17.1172, 14.5602, 18.2483, 9.84886, 9.8995, 13.9284, 5.38516, 6.40312, 10.6301, 32.2025, 32.2025, 31.7805, 15.2971, 15.2971, 13.4164, 37.8021, 39.598, 40.3113, 45.0999, 42.107, 41.9762, 46.8402, 46.6154, 48.3839],
[16.7631, 28.2843, 21.4009, 21.9317, 3.60555, 36.4006, 38.2099, 25.5539, 12.3693, 32.0156, 44.9222, 48.0937, 30.4631, 12.1655, 9.21954, 9.8995, 26.4197, 16.2788, 36.4006, 44.1022, 47.5395, 28.8617, 31.5753, 28.8617, 20.5913, 18.0278, 22.8254, 25.0799, 21.095, 23.3238, 3.16228, 0, 3, 33.8378, 36.8917, 37.5366, 40.0125, 35.3553, 38.6394, 28.178, 23.0217, 23.0217, 12, 15.8114, 13.4164, 31.257, 29, 31.257, 45.8803, 42.45, 43.1741, 48.3735, 48, 46.2709, 30.8869, 28.178, 33.2415, 14.0357, 12.083, 15.5242, 6.7082, 7.2111, 10.7703, 6.40312, 8.06226, 12.2066, 30.0167, 30.0167, 29.5296, 16, 16, 13.3417, 36.8917, 38.2884, 39.0512, 46, 43, 42.4264, 48.7032, 48.7545, 50.3289],
[19.6469, 31.257, 23.8537, 20.8806, 3.16228, 38.2884, 41.1947, 27.2029, 13.4164, 32.0624, 47.8017, 51.0882, 33.2415, 13, 7.61577, 8.06226, 28.0179, 19.2354, 38.833, 47.0956, 50.3289, 31.7805, 34.5254, 31.7805, 23.2594, 20.5913, 25.4951, 24.0416, 19.6977, 21.9317, 5, 3, 0, 35.609, 38.6005, 39.598, 43.0116, 38.3275, 41.5933, 29.6816, 24.8395, 24.8395, 12.3693, 17, 15, 31.0161, 29.1548, 31.0161, 48.7032, 45.3542, 46.0977, 51.3517, 51, 49.2544, 33.541, 30.8707, 36.0555, 14.1421, 13.6015, 16.5529, 6, 5, 10.0499, 5.09902, 7.07107, 10.7703, 31.6228, 31.6228, 31.0644, 19, 19, 16.2788, 39.4462, 40.6079, 41.4005, 49, 46, 45.3982, 51.5461, 51.4781, 53.1413],
[23.1948, 25.632, 15.1327, 29.1204, 32.6497, 3.16228, 30.6105, 8.48528, 22.6274, 20.3961, 47.5079, 38.2884, 41, 43.4626, 43.0116, 33.4216, 51.3517, 31.1448, 50.9902, 39.8246, 26.9258, 22.8473, 25.0599, 22.8473, 18.0278, 18.4391, 17.0294, 29.4279, 31.6228, 32.0156, 30.8058, 33.8378, 35.609, 0, 3.16228, 6, 34.2053, 28.0179, 28.3196, 6.7082, 10.8167, 10.8167, 24.8395, 19.105, 20.6155, 23.1948, 19.0263, 23.1948, 50.1199, 44.7772, 44.4185, 36.4006, 40.3113, 35.4683, 43.7379, 41.4367, 41.7612, 46.5188, 41.4367, 45.5412, 40.4969, 40.6079, 44.4185, 32.5269, 31.1448, 31.6228, 54.1479, 54.1479, 54.231, 28.1603, 28.1603, 31.5753, 49.4773, 53.9351, 54.1295, 38.8973, 36.8782, 41.0488, 29.5466, 25.9615, 29.7321],
[26.3059, 28.1603, 18.2483, 31.0161, 35.609, 2.82843, 32.45, 11.4018, 25.4951, 21.0238, 49.6488, 39.598, 43.7379, 46.6154, 46.0435, 36.1248, 54.4518, 34.2345, 53.7587, 41.6173, 27.2947, 25.2982, 27.313, 25.2982, 21.095, 21.587, 20, 31.0483, 33.6155, 33.8378, 33.8378, 36.8917, 38.6005, 3.16228, 0, 5.83095, 36.0555, 30.0167, 30, 9.21954, 13.8924, 13.8924, 27.5862, 21.9317, 23.6008, 24, 20.0998, 24, 52.3259, 46.9574, 46.5296, 37.5366, 41.7732, 36.7696, 46.5296, 44.2832, 44.3847, 49.6588, 44.5982, 48.7032, 43.566, 43.6005, 47.5079, 35.3836, 33.9411, 34.2053, 57.2189, 57.2189, 57.3149, 31.257, 31.257, 34.7131, 52.1728, 56.7186, 56.8858, 40.4599, 38.6005, 43.0465, 30.0167, 26, 29.9666],
[24.6982, 24.1868, 17, 34.9285, 36.7967, 3.16228, 27.2947, 13.4164, 27.2029, 26.3059, 44.7772, 33.9706, 40.1123, 46.1411, 46.7547, 38.2753, 52.3927, 32.28, 50.1597, 36.3593, 21.4709, 21.2132, 22.8035, 21.2132, 19.3132, 20.5913, 17.72, 35.3553, 37.3631, 37.855, 34.6554, 37.5366, 39.598, 6, 5.83095, 0, 30.8869, 25.0799, 24.6982, 12.3693, 15, 15, 29.6816, 23.8537, 24.8395, 29.1548, 25.02, 29.1548, 47.5395, 42.1545, 41.6293, 31.8277, 36.2353, 31.1448, 43.0465, 41, 40.4475, 49.3964, 43.8292, 47.8539, 44.0454, 44.5533, 47.8017, 37.0135, 35.805, 36.7151, 54.9181, 54.9181, 55.109, 29.4109, 29.4109, 33.2415, 48.3735, 53.1507, 53.2353, 35, 33.2866, 38.0132, 24.1868, 20.2485, 24.1661],
[24.3311, 12.3693, 25.9422, 52.5547, 42.0476, 33.2866, 3.60555, 34.2053, 38.6005, 51.4004, 14.3178, 8.24621, 17.6918, 40.1622, 46.6905, 47.3814, 36.1248, 24.3311, 25.4951, 5.65685, 17.4642, 13.4164, 10.2956, 13.4164, 23.7697, 26.5707, 22.3607, 54.626, 53.7587, 55.3624, 39.0512, 40.0125, 43.0116, 34.2053, 36.0555, 30.8869, 0, 6.40312, 6.32456, 36.1248, 32.45, 32.45, 41.4849, 37.6962, 35.7351, 53.2541, 48.8262, 53.2541, 17.2627, 12.0416, 11.1803, 9.43398, 8.06226, 7.2111, 20.6155, 20.5183, 15.8114, 43.6578, 37, 39.3954, 43.566, 46.2709, 45.3542, 44.1814, 44.4072, 47.8539, 36.7967, 36.7967, 37.4833, 24.0208, 24.0208, 27.2947, 22.8473, 28.2312, 27.8568, 6.08276, 3.16228, 7.28011, 16.1555, 20.3961, 18.3848],
[19, 7.07107, 19.6977, 46.4866, 37.054, 27.2947, 3.16228, 27.8029, 32.7567, 45, 19.6977, 13.1529, 18.3848, 37.1214, 42.72, 42.0476, 35.609, 20.6155, 27.6586, 12.0416, 15.8114, 7.28011, 4.12311, 7.28011, 17.72, 20.6155, 16.1555, 48.4665, 47.8017, 49.3356, 34.0588, 35.3553, 38.3275, 28.0179, 30.0167, 25.0799, 6.40312, 0, 3.60555, 29.7321, 26.0768, 26.0768, 35.6931, 31.6228, 29.8329, 46.8722, 42.4382, 46.8722, 22.4722, 17.088, 16.5529, 13.0384, 13.9284, 11, 21.5407, 20.5913, 17.4642, 40.7063, 34, 36.8917, 39.5601, 41.9762, 41.7852, 39, 39.0512, 42.2966, 36.8917, 36.8917, 37.4433, 19.6469, 19.6469, 23.4094, 25.318, 30.5941, 30.4138, 12.083, 9.43398, 13.0384, 15.5563, 18.3576, 17.6918],
[22.0907, 10.4403, 21.8403, 48.7647, 40.1995, 27.2029, 3, 29.1548, 35.3553, 46.3249, 20.6155, 10.7703, 21.4709, 40.7063, 46.1736, 45, 39.0512, 24.1661, 30.3645, 11.6619, 12.53, 10, 7.07107, 10, 20.2237, 23.1948, 18.4391, 50.5964, 50.2195, 51.6624, 37.2156, 38.6394, 41.5933, 28.3196, 30, 24.6982, 6.32456, 3.60555, 0, 30.8058, 27.7308, 27.7308, 38.3275, 33.9559, 32.3883, 48.3735, 43.909, 48.3735, 23.5372, 18.2483, 17.4642, 10.0499, 12.2066, 8.24621, 24.5967, 23.8537, 20.2485, 44.2945, 37.5899, 40.4969, 43.0116, 45.3542, 45.31, 42.0476, 42, 45.0999, 40.2244, 40.2244, 40.8044, 23.0868, 23.0868, 26.9258, 27.8927, 33.2415, 32.9848, 10.6301, 8.60233, 13.6015, 12.0416, 15.2315, 14.2127],
[20.2237, 25.807, 12.6491, 22.561, 26.6271, 9.84886, 32.6497, 3, 16.4012, 15.6525, 48.4149, 41.3401, 39.9249, 38.6005, 37.2156, 26.9072, 48, 28.1603, 49.6488, 41.7732, 31.7805, 23.4307, 26.1725, 23.4307, 15.8114, 15.1327, 15.6525, 23.0868, 25, 25.4951, 25.0599, 28.178, 29.6816, 6.7082, 9.21954, 12.3693, 36.1248, 29.7321, 30.8058, 0, 6, 6, 18.3848, 12.8062, 14.7648, 18.0278, 13.6015, 18.0278, 50.8035, 45.607, 45.4533, 39.8246, 43.0116, 38.5876, 42.3792, 39.8497, 41.1461, 41.4367, 36.8782, 41, 34.8855, 34.6699, 38.9102, 26.2488, 24.7588, 25, 51.0392, 51.0392, 51.0098, 25.1794, 25.1794, 28, 48.4665, 52.4976, 52.811, 41.4005, 39.0512, 42.45, 34.2053, 31.257, 34.7131],
[14.3178, 21.2132, 7.2111, 22.0227, 21.9317, 13.4536, 29.1548, 3, 12.2066, 19.105, 43.8634, 38.4838, 34.4384, 32.8938, 32.2025, 23.3238, 42, 22.2036, 44.0114, 38.0132, 31.0161, 19.2094, 22.2036, 19.2094, 10.2956, 9.21954, 10.6301, 23.3452, 24.0208, 25.02, 20, 23.0217, 24.8395, 10.8167, 13.8924, 15, 32.45, 26.0768, 27.7308, 6, 0, 0, 14.7648, 8.94427, 9.8995, 20.8087, 16.4012, 20.8087, 46.0977, 41.0366, 41.0122, 37.3363, 39.8246, 35.8469, 36.7696, 34.176, 35.8469, 35.8469, 31.0483, 35.171, 29.6816, 29.8329, 33.6155, 22.0227, 20.8087, 21.9317, 45.0444, 45.0444, 45.0111, 19.2354, 19.2354, 22, 42.9535, 46.8188, 47.1699, 38.0789, 35.5106, 38.2884, 33.1361, 31.0644, 34.0147],
[14.3178, 21.2132, 7.2111, 22.0227, 21.9317, 13.4536, 29.1548, 3, 12.2066, 19.105, 43.8634, 38.4838, 34.4384, 32.8938, 32.2025, 23.3238, 42, 22.2036, 44.0114, 38.0132, 31.0161, 19.2094, 22.2036, 19.2094, 10.2956, 9.21954, 10.6301, 23.3452, 24.0208, 25.02, 20, 23.0217, 24.8395, 10.8167, 13.8924, 15, 32.45, 26.0768, 27.7308, 6, 0, 0, 14.7648, 8.94427, 9.8995, 20.8087, 16.4012, 20.8087, 46.0977, 41.0366, 41.0122, 37.3363, 39.8246, 35.8469, 36.7696, 34.176, 35.8469, 35.8469, 31.0483, 35.171, 29.6816, 29.8329, 33.6155, 22.0227, 20.8087, 21.9317, 45.0444, 45.0444, 45.0111, 19.2354, 19.2354, 22, 42.9535, 46.8188, 47.1699, 38.0789, 35.5106, 38.2884, 33.1361, 31.0644, 34.0147],
[17.4642, 29.1204, 17.0294, 12.0416, 9.21954, 27.8029, 38.833, 16.4012, 3, 20.025, 49.7393, 48.8365, 36.8782, 24.0832, 19.9249, 8.60233, 37.3363, 21.9317, 44.6878, 46.4866, 44.4072, 28.4429, 31.5753, 28.4429, 18.1108, 15.1327, 20.025, 14.8661, 12.53, 14.4222, 9.05539, 12, 12.3693, 24.8395, 27.5862, 29.6816, 41.4849, 35.6931, 38.3275, 18.3848, 14.7648, 14.7648, 0, 5.83095, 6, 19.4165, 17, 19.4165, 51.3128, 47.0106, 47.4131, 48.3735, 49.4773, 46.5296, 38.1838, 35.3553, 39.2046, 26.0192, 23.5372, 27.2947, 18.2483, 17.088, 22.3607, 8.06226, 6.40312, 7.28011, 40.8534, 40.8534, 40.4969, 20, 20, 19.8494, 44.5533, 47.0106, 47.634, 47.5395, 44.643, 45.6946, 46.1736, 44.911, 47.3814],
[14.8661, 25.4951, 12.1655, 14.8661, 13.8924, 22.0227, 34.7851, 10.6301, 3.60555, 18.0278, 47.2017, 44.643, 35.4683, 27.1662, 24.5967, 14.4222, 38.833, 21.095, 44.1022, 42.9535, 39.1152, 24.3516, 27.5136, 24.3516, 13.9284, 11.1803, 15.5242, 17, 16.2788, 17.72, 12.6491, 15.8114, 17, 19.105, 21.9317, 23.8537, 37.6962, 31.6228, 33.9559, 12.8062, 8.94427, 8.94427, 5.83095, 0, 3.16228, 18.3576, 14.8661, 18.3576, 49.0408, 44.4072, 44.6542, 43.9318, 45.5412, 42.2019, 37.2022, 34.4093, 37.4833, 29.6142, 26, 30.0167, 22.4722, 21.9545, 26.5707, 13.4536, 12.0416, 13, 42.2019, 42.2019, 41.9762, 18.6011, 18.6011, 19.6977, 43.6005, 46.6476, 47.1699, 43.6578, 40.8534, 42.5441, 41.0122, 39.4588, 42.107],
[12.2066, 23.4094, 11.0454, 17, 12.0416, 23.3452, 32.9848, 12.2066, 3, 21.1896, 44.6542, 42.9535, 32.5576, 24.3311, 22.4722, 13.9284, 35.6931, 18.0278, 41.0488, 40.8534, 38.4708, 22.561, 25.7099, 22.561, 12.1655, 9.21954, 14.0357, 19.4165, 18.0278, 19.6977, 10.2956, 13.4164, 15, 20.6155, 23.6008, 24.8395, 35.7351, 29.8329, 32.3883, 14.7648, 9.8995, 9.8995, 6, 3.16228, 0, 21.4709, 18.0278, 21.4709, 46.4004, 41.8808, 42.19, 42.4264, 43.6807, 40.6079, 34.2053, 31.4006, 34.6554, 26.9258, 23.0217, 27.074, 20.1246, 20, 24.1661, 12.2066, 11.1803, 13.1529, 39.0512, 39.0512, 38.833, 15.6205, 15.6205, 16.5529, 40.6079, 43.566, 44.1022, 41.7612, 38.8973, 40.2492, 40.1995, 39.0512, 41.4367],
[32.8024, 41.8688, 27.6586, 12.083, 28.0713, 26.0768, 49.93, 19.2354, 20.2485, 3.16228, 64.3817, 59.0593, 53.6004, 43.4166, 38.0526, 24.1868, 56.6127, 39.4462, 62.434, 58.8218, 49.7293, 40, 43.0116, 40, 30.4138, 28.3196, 31.241, 10, 14.7648, 13.6015, 28.4429, 31.257, 31.0161, 23.1948, 24, 29.1548, 53.2541, 46.8722, 48.3735, 18.0278, 20.8087, 20.8087, 19.4165, 18.3576, 21.4709, 0, 4.47214, 0, 66.468, 61.5549, 61.6198, 57.6975, 60.5392, 56.356, 55.4707, 52.6973, 55.4437, 45.0999, 42.9535, 46.6905, 37.0135, 35.0571, 41, 26, 24, 21.2132, 60.0833, 60.0833, 59.7746, 36.8917, 36.8917, 38.0132, 61.8547, 65, 65.5134, 58.8303, 56.3028, 59.0339, 52.2015, 49.0306, 52.6308],
[28.8444, 37.5366, 23.3452, 12.7279, 26.0768, 22, 45.4863, 14.7648, 17.2627, 3.16228, 60.1082, 54.5894, 49.6488, 41.0488, 36.4966, 23.0868, 53.6004, 35.7771, 58.6686, 54.4059, 45.3542, 35.609, 38.6005, 35.609, 26.1725, 24.2074, 26.9072, 11.6619, 15.5563, 15, 26.0192, 29, 29.1548, 19.0263, 20.0998, 25.02, 48.8262, 42.4382, 43.909, 13.6015, 16.4012, 16.4012, 17, 14.8661, 18.0278, 4.47214, 0, 4.47214, 62.2415, 57.28, 57.3149, 53.2259, 56.0803, 51.8845, 51.6236, 48.8774, 51.4004, 43.0116, 40.3113, 44.1814, 35.1283, 33.541, 39.2046, 24.3311, 22.3607, 20.2485, 57.0088, 57.0088, 56.7539, 33.121, 33.121, 34.5398, 57.9828, 61.2944, 61.7738, 54.3783, 51.8652, 54.6717, 47.8017, 44.7214, 48.2701],
[32.8024, 41.8688, 27.6586, 12.083, 28.0713, 26.0768, 49.93, 19.2354, 20.2485, 3.16228, 64.3817, 59.0593, 53.6004, 43.4166, 38.0526, 24.1868, 56.6127, 39.4462, 62.434, 58.8218, 49.7293, 40, 43.0116, 40, 30.4138, 28.3196, 31.241, 10, 14.7648, 13.6015, 28.4429, 31.257, 31.0161, 23.1948, 24, 29.1548, 53.2541, 46.8722, 48.3735, 18.0278, 20.8087, 20.8087, 19.4165, 18.3576, 21.4709, 0, 4.47214, 0, 66.468, 61.5549, 61.6198, 57.6975, 60.5392, 56.356, 55.4707, 52.6973, 55.4437, 45.0999, 42.9535, 46.6905, 37.0135, 35.0571, 41, 26, 24, 21.2132, 60.0833, 60.0833, 59.7746, 36.8917, 36.8917, 38.0132, 61.8547, 65, 65.5134, 58.8303, 56.3028, 59.0339, 52.2015, 49.0306, 52.6308],
[34.2053, 25, 38.9487, 63.2456, 48.8467, 49.6588, 20.6155, 48.4149, 48.8262, 65.1153, 3, 19.6469, 15.5242, 41.1947, 49.8197, 55.0364, 30.8058, 29.9666, 15.2315, 13.0384, 34.0147, 27.4591, 25.0599, 27.4591, 36.0694, 38.2099, 35.4683, 65.8027, 63.8122, 65.7343, 46.0977, 45.8803, 48.7032, 50.1199, 52.3259, 47.5395, 17.2627, 22.4722, 23.5372, 50.8035, 46.0977, 46.0977, 51.3128, 49.0408, 46.4004, 66.468, 62.2415, 66.468, 0, 5.38516, 6.08276, 22.561, 16.7631, 21.2132, 16.0312, 18.2483, 12.6491, 44.0454, 38.3275, 39.0128, 47.0744, 50.448, 47.3814, 51.4781, 52.3259, 56.356, 29.7321, 29.7321, 30.6757, 31.3847, 31.3847, 32.6956, 12.6491, 16.6433, 15.8114, 16.2788, 16, 10.0499, 32.1403, 37.0135, 34.2345],
[29.6816, 19.8494, 33.9411, 58.8303, 45.2217, 44.2832, 15.2971, 43.2782, 44.4185, 60.1082, 2.82843, 15.6525, 13.0384, 39.0128, 47.1699, 51.264, 30.4631, 26.2488, 16.2788, 8.544, 29.1548, 22.2036, 19.7231, 22.2036, 31.1448, 33.4216, 30.4138, 61.2944, 59.5399, 61.4003, 42.3792, 42.45, 45.3542, 44.7772, 46.9574, 42.1545, 12.0416, 17.088, 18.2483, 45.607, 41.0366, 41.0366, 47.0106, 44.4072, 41.8808, 61.5549, 57.28, 61.5549, 5.38516, 0, 1.41421, 18.3848, 13.0384, 16.7631, 14.5602, 16.1245, 10.0499, 42.107, 36, 37.2156, 44.2832, 47.5184, 45.0111, 47.7598, 48.4665, 52.3927, 30.0167, 30.0167, 30.8869, 27.313, 27.313, 29.1204, 13.4536, 18.4391, 17.8045, 12.083, 11.1803, 5.09902, 27.4591, 32.1403, 29.6142],
[30.0167, 19.799, 33.9706, 59.1693, 45.8803, 43.8292, 14.5602, 43.1856, 44.7772, 60.1082, 3.16228, 14.3178, 14.1421, 40.05, 48.0937, 51.8652, 31.7805, 26.9258, 17.6918, 7.28011, 28.0713, 22.0227, 19.4165, 22.0227, 31.241, 33.6006, 30.4138, 61.5873, 59.9416, 61.7738, 43.0116, 43.1741, 46.0977, 44.4185, 46.5296, 41.6293, 11.1803, 16.5529, 17.4642, 45.4533, 41.0122, 41.0122, 47.4131, 44.6542, 42.19, 61.6198, 57.3149, 61.6198, 6.08276, 1.41421, 0, 17.088, 11.6619, 15.5242, 15.8114, 17.2627, 11.1803, 43.1856, 37.0135, 38.3275, 45.1774, 48.3735, 46, 48.3839, 49.0408, 52.9245, 31.3847, 31.3847, 32.249, 27.8568, 27.8568, 29.8329, 14.8661, 19.8494, 19.2094, 10.7703, 10.0499, 4, 26.3059, 31.0644, 28.4429],
[32.0156, 20.0998, 31.7805, 58.6941, 50.0899, 34.7131, 10.198, 38.4838, 45.3982, 55.4707, 19.6469, 3, 26.9072, 49.3964, 55.5428, 55.0091, 45.4533, 33.2415, 33.8378, 9.84886, 12.6491, 20.025, 17, 20.025, 30.2655, 33.2415, 28.4429, 60.4401, 60.208, 61.6117, 47.0956, 48.3735, 51.3517, 36.4006, 37.5366, 31.8277, 9.43398, 13.0384, 10.0499, 39.8246, 37.3363, 37.3363, 48.3735, 43.9318, 42.4264, 57.6975, 53.2259, 57.6975, 22.561, 18.3848, 17.088, 0, 6, 2.23607, 29.6985, 29.8329, 24.7588, 52.9245, 46.2385, 48.7545, 52.3927, 54.9181, 54.4059, 52.0096, 52.0096, 55.1453, 45.9674, 45.9674, 46.6905, 32.5576, 32.5576, 36.1386, 31.0644, 36.3593, 35.8469, 6.32456, 7.81025, 13.4164, 10.198, 15.5242, 12.0416],
[32.3883, 20.3961, 33.6155, 60.407, 50.0899, 38.9487, 10.7703, 41.3401, 46.5725, 58.5235, 13.9284, 3, 23.3238, 47.5395, 54.4518, 55.4437, 41.8808, 32.1403, 29.0689, 5, 18.4391, 21.1896, 18.0278, 21.1896, 31.6228, 34.4819, 30.0832, 62.3939, 61.6847, 63.2456, 47.0956, 48, 51, 40.3113, 41.7732, 36.2353, 8.06226, 13.9284, 12.2066, 43.0116, 39.8246, 39.8246, 49.4773, 45.5412, 43.6807, 60.5392, 56.0803, 60.5392, 16.7631, 13.0384, 11.6619, 6, 0, 5.38516, 25.807, 26.4197, 20.8087, 50.9608, 44.3847, 46.4866, 51.3517, 54.1479, 52.9528, 52.2398, 52.469, 55.9017, 42.0119, 42.0119, 42.8019, 32, 32, 35.1283, 26.2488, 31.4006, 30.8058, 2, 5, 8.48528, 16.1245, 21.3776, 18.0278],
[30, 18.0278, 30.0832, 57.0088, 48.0416, 33.9411, 8.06226, 37.1214, 43.566, 54.2033, 18.2483, 2.82843, 24.7588, 47.1699, 53.3667, 53.0377, 43.2782, 31.0483, 31.9061, 8.24621, 13.1529, 18.1108, 15.0333, 18.1108, 28.4429, 31.4006, 26.6833, 58.8218, 58.4637, 59.9083, 45.0444, 46.2709, 49.2544, 35.4683, 36.7696, 31.1448, 7.2111, 11, 8.24621, 38.5876, 35.8469, 35.8469, 46.5296, 42.2019, 40.6079, 56.356, 51.8845, 56.356, 21.2132, 16.7631, 15.5242, 2.23607, 5.38516, 0, 27.5862, 27.6586, 22.6716, 50.6952, 44.0114, 46.5188, 50.2195, 52.7731, 52.2015, 50, 50.04, 53.2353, 43.8406, 43.8406, 44.5533, 30.4138, 30.4138, 33.9559, 29.1548, 34.4819, 34, 5, 5.83095, 11.7047, 11, 16.1245, 13.0384],
[22.8254, 19.0263, 29.7321, 50.2096, 34.1321, 44.2832, 21.9545, 39.5601, 36.1248, 54.7083, 16.1245, 27.6586, 3.16228, 25.1794, 33.9559, 40.4969, 16.1245, 16.2788, 7.28011, 20.8087, 37.1214, 22.0227, 21.3776, 22.0227, 26.5707, 27.7308, 26.9258, 53.0377, 50.3289, 52.4023, 31.6228, 30.8869, 33.541, 43.7379, 46.5296, 43.0465, 20.6155, 21.5407, 24.5967, 42.3792, 36.7696, 36.7696, 38.1838, 37.2022, 34.2053, 55.4707, 51.6236, 55.4707, 16.0312, 14.5602, 15.8114, 29.6985, 25.807, 27.5862, 0, 2.82843, 5, 28.0179, 22.3607, 23, 31.3209, 34.7851, 31.4006, 36.8917, 38.0132, 42.2019, 16.2788, 16.2788, 17.0294, 18.6011, 18.6011, 18.4391, 6.40312, 10.198, 10.4403, 24.2074, 21.9317, 17.4929, 36.3593, 39.8121, 38.5876],
[20.1246, 17.2627, 27.2029, 47.3814, 31.3847, 42.107, 21.4009, 37, 33.3017, 51.9711, 18, 28.0179, 3.16228, 23.0217, 31.5753, 37.7359, 15.6205, 13.4536, 9.84886, 21.4709, 36.3593, 20.2237, 19.9249, 20.2237, 24.0416, 25.0799, 24.5153, 50.2096, 47.5079, 49.5782, 28.8444, 28.178, 30.8707, 41.4367, 44.2832, 41, 20.5183, 20.5913, 23.8537, 39.8497, 34.176, 34.176, 35.3553, 34.4093, 31.4006, 52.6973, 48.8774, 52.6973, 18.2483, 16.1245, 17.2627, 29.8329, 26.4197, 27.6586, 2.82843, 0, 6.08276, 26.0192, 20.0998, 21.095, 28.8617, 32.28, 29.1548, 34.1321, 35.2278, 39.4081, 16.4012, 16.4012, 17.0294, 15.8114, 15.8114, 15.6205, 9.21954, 12.6491, 13, 24.6982, 22.2036, 18.3848, 35.805, 38.9487, 38.0132],
