/*********************************************
 * OPL 12.8.0.0 Model
 * Author: sebashc
 * Creation Date: 18/05/2018 at 4:11:38 p. m.
 *********************************************/
 execute
{
cplex.tilim=2400;
cplex.epgap=0.01;
} 
 
/***Constants***/
int depots=1; // Number of depots
int positions=100; // Number of current positions + (current positions + posibles positions)
int currentPositions=25; // Current positions
int vehicles=4; // Number of vehicles
//int maxCompartments=153; // Number of max compartments of the vehicle

/***Sets***/
range D=1..depots; // Set of depots
range V=1..depots+positions; // Set of vertices
range S=depots+1..depots+positions; // Set of current positions + posibles positions
range A=depots+1..depots+currentPositions; // Set of current positions
range K=1..vehicles; // Set of vehicles
//range M=1..maxCompartments; // Set of posibles configurations of compartments

/***Parametres***/
float c[V][V]=
[[0, 22.0227, 17.2627, 14.7648, 31.9061, 32.45, 32.0624, 20.8087, 22.0227, 25.0599, 23.0868, 28.1603, 8, 29.9666, 29.1204, 30.8707, 29.8329, 10, 34, 31.7805, 39.4081, 43.9318, 18.1108, 15.8114, 38.2884, 42.2019, 19.0263, 21.3776, 22.0907, 18.0278, 19.9249, 15.8114, 12.8062, 13.6015, 18.0278, 29.4109, 28.8444, 29.5296, 33.4216, 32.0156, 31.7648, 32.0156, 35.0143, 35, 23.4307, 19.105, 23.4307, 23.3452, 18.6011, 20.2485, 22.4722, 25.807, 21.9545, 26, 24.5153, 21.3776, 30.5941, 31.257, 28, 10.198, 6.32456, 6.32456, 32.311, 27.8568, 27.2947, 32.0156, 28.4429, 28.4429, 33.6155, 34.4384, 32.8938, 26.4764, 29.2746, 31.6228, 7.07107, 6.40312, 7.61577, 34.9285, 35.5106, 33.6155, 28.8617, 33.5261, 32.573, 37.6431, 42.4382, 40.4599, 47.4236, 42.4264, 42.4264, 15.2971, 16.0312, 17.72, 15.2643, 17, 14.7648, 34.8281, 39.598, 34.7131, 39.6611, 44.8219, 39.4081],
[22.0227, 0, 30.8058, 35.9026, 48.0104, 17.72, 10.0499, 18.868, 39.3954, 45.3542, 45.0999, 36.7967, 23.0868, 27.5136, 9.21954, 15.2315, 31.7648, 14.8661, 31.5753, 12.0416, 24.1661, 30.0832, 27.5862, 9.21954, 26.9258, 58.6003, 3.60555, 3.16228, 3, 33.2866, 34.4093, 31.3847, 33.2415, 35.3553, 38.6005, 46.3249, 45.4863, 45, 20.3961, 19.2354, 15.2315, 10.198, 13, 13.0384, 18.3848, 15.8114, 18.3848, 41.7852, 35.8469, 36.6742, 42.45, 45.2217, 42.2019, 48.0104, 46.3897, 43.2897, 40.3113, 39.6989, 34.8281, 21.9317, 24.5153, 24.5153, 30.6757, 27.7308, 24.6982, 11.4018, 7.2111, 7.2111, 16.6433, 18.3576, 15, 30.2324, 33.2866, 31.3847, 17.4642, 17.2627, 15.1327, 33.9559, 31.1448, 33.2415, 10, 14.8661, 14.2127, 24.0416, 26.4197, 26.5707, 33.6155, 30.0832, 30.0832, 24.8395, 28.6007, 24.7588, 12.7279, 11.4018, 12.0416, 23.5372, 29.6142, 24.3311, 55.6058, 61.6117, 55.8032],
[17.2627, 30.8058, 0, 14.1421, 17.2047, 46.0977, 39.8246, 37.1618, 35.7351, 34.6699, 25, 45, 25.1794, 46.8188, 39.8246, 31.257, 47.0744, 25.4951, 23.0217, 35.4401, 53.1507, 58.4123, 5.09902, 21.6333, 32.9848, 27.8029, 27.2029, 31.8904, 29.1548, 3, 3.60555, 2.82843, 11.4018, 16.4012, 13.8924, 15.6525, 14.7648, 14.2127, 47.8017, 46.4004, 44.5533, 38.4838, 42.0476, 41.6293, 39.3573, 34.8855, 39.3573, 35.8469, 32.9848, 34.9285, 33.121, 36.7151, 32.249, 28.6007, 24.1868, 22.2036, 47.0956, 48.0104, 45.0999, 27.4591, 23.0217, 23.0217, 49.3356, 44.9222, 44.0114, 42.2019, 38.0132, 38.0132, 34.2345, 34.0588, 34.5254, 43.7379, 46.5296, 48.7647, 23.4094, 22.4722, 22.3607, 22.6716, 25.5539, 21.2603, 32.573, 35.6931, 34.7131, 52.0096, 55.9017, 54.8179, 62.0081, 57.4282, 57.4282, 6.32456, 2.23607, 8, 18.3576, 20.1246, 18.868, 30.4138, 32.8938, 29.6142, 24.8395, 30.8058, 25],
[14.7648, 35.9026, 14.1421, 0, 20.3961, 47.1699, 45.8912, 34.6554, 24.0208, 21.0238, 11.1803, 36.4006, 19.8494, 42.8019, 43.6578, 41.4367, 41.1825, 24.6982, 37.0135, 44, 54.0833, 58.4123, 18.6011, 28.0713, 45.6946, 29.5466, 32.5576, 35.7351, 35.3553, 12.2066, 13.8924, 11.3137, 3.16228, 3, 3.60555, 17.4642, 17.2627, 19.0263, 48.0104, 46.6154, 46.5296, 45.3982, 48.6621, 48.5077, 37.5366, 33.4216, 37.5366, 23.3452, 22.0907, 24.0832, 19.9249, 23.4094, 18.9737, 14.7648, 11.1803, 8.544, 37.6563, 39.0512, 37.3363, 22.6716, 17.0294, 17.0294, 44.6542, 40.2244, 40.4599, 46.4866, 42.72, 42.72, 44.4072, 44.7214, 44.1814, 37.5899, 39.8121, 43.566, 21.6333, 21.095, 22.3607, 36.7967, 39.4081, 35.3836, 41, 45.0999, 44.1022, 52.2015, 57.1402, 55, 61.8466, 56.7274, 56.7274, 17.8885, 15, 20.5913, 26.0192, 28.0179, 26, 42.72, 46.0652, 42.1545, 27.5136, 31.7648, 26.9258],
[31.9061, 48.0104, 17.2047, 20.3961, 0, 62.9365, 56.9386, 52.6973, 44.1022, 39.3192, 25.7099, 56.7539, 38.9102, 61.7738, 57.0088, 47.1275, 60.9262, 41.4005, 33.1361, 52, 70.0071, 75.0733, 21.0238, 38.833, 46.0435, 10.6301, 44.4072, 49.0408, 46.3249, 14.8661, 13.6015, 16.9706, 20.2485, 23.3452, 17.1172, 3, 3.16228, 3.16228, 64.4438, 63.0317, 61.5549, 55.4707, 59.0593, 58.5918, 55.2178, 50.8035, 55.2178, 43, 42.4264, 44.4072, 39.0512, 42.19, 38.0526, 28.4605, 23.0868, 23.3452, 58.0517, 59.439, 57.5674, 41.5933, 36.2491, 36.2491, 63.9531, 59.4811, 59.1693, 59.4054, 55.2178, 55.2178, 50, 49.4773, 50.5964, 57.3847, 59.808, 63.0714, 38.833, 38.0132, 38.4187, 31.4006, 36.1248, 30.2655, 49.2443, 51.8652, 50.9215, 68.6804, 72.8354, 71.5052, 78.6448, 73.8783, 73.8783, 23.3238, 19.4165, 24.1661, 35.5106, 37.2156, 36.0555, 44.2832, 45.0111, 43.1856, 7.81025, 13.6015, 7.81025],
[32.45, 17.72, 46.0977, 47.1699, 62.9365, 0, 16.7631, 15.0333, 41.0122, 49.366, 53.8516, 31.6228, 28.7924, 16.6433, 10.0499, 31.0161, 22.8254, 22.4722, 49.2443, 25.318, 7.07107, 12.53, 43.8292, 25.9422, 43.0465, 73.5391, 20.6155, 15.2315, 20.6155, 48.1041, 49.5782, 45.9674, 45.2217, 45.6508, 50.4777, 60.8276, 60.1082, 60.1415, 3.16228, 2.82843, 3.16228, 19.6469, 18.7883, 19.6977, 12, 14.5602, 12, 44.0454, 38.1182, 38.0132, 46.3897, 48.0937, 46.5296, 55.9732, 55.9464, 52.8015, 35.1141, 33.6155, 28.7924, 26.2488, 31.3847, 31.3847, 19.2094, 18.7883, 15.2315, 10.7703, 13.0384, 13.0384, 31.257, 33.2415, 29.2746, 23.4094, 25.4951, 20.8087, 25.5539, 26.0768, 25, 51.6624, 48.6621, 50.9608, 25.02, 28.4429, 28.2843, 6.32456, 10, 8.94427, 16.1245, 12.3693, 12.3693, 40.8044, 44.0454, 41.3401, 29.5296, 28.6356, 28.6531, 40, 46.0109, 41.0122, 70.7248, 76.3806, 70.7107],
[32.0624, 10.0499, 39.8246, 45.8912, 56.9386, 16.7631, 0, 25, 48.3839, 54.9181, 55.1453, 43.6005, 32.5576, 31.4006, 7.2111, 15.5242, 36.7967, 24.3311, 35.7771, 9.05539, 21, 27.0185, 36.0555, 18.3848, 27.1662, 67.4166, 13.3417, 11.1803, 10.7703, 42.4853, 43.4166, 40.7185, 43.1741, 45.3982, 48.5077, 55.4707, 54.5894, 53.8516, 19.9249, 19.3132, 13.6015, 3, 3.16228, 3.60555, 23.3452, 22.4722, 23.3452, 50.9608, 44.9222, 45.5412, 51.9711, 54.5711, 51.788, 58.0345, 56.4358, 53.3385, 47.2017, 46.2277, 41.2311, 31.0483, 34.2345, 34.2345, 34.4093, 32.5576, 29.0689, 6.08276, 5, 5, 15.0333, 17.0294, 13.0384, 36.1248, 38.8973, 35.609, 27.1662, 27.074, 25.02, 38.4708, 34.5398, 38.0789, 9.84886, 12, 12.0416, 22.2036, 22.2036, 24.0208, 30.1496, 28.0713, 28.0713, 33.6155, 37.5899, 33.0151, 21.4709, 19.7231, 21.0238, 24.5153, 30.2655, 25.7099, 64.3506, 70.4911, 64.6607],
[20.8087, 18.868, 37.1618, 34.6554, 52.6973, 15.0333, 25, 0, 26, 34.3657, 39.8246, 18.6011, 15, 10.0499, 18.3576, 34, 13, 11.7047, 47.1699, 30.6105, 20.8806, 24.1868, 36.4006, 22.2036, 45.31, 63.0079, 19.3132, 15.8114, 21.4709, 38.4708, 40.2492, 36.2353, 33.3017, 32.6497, 38.1838, 50.2195, 49.6488, 50.2494, 14.5602, 13.3417, 16.1245, 26.9072, 28.0179, 28.6007, 3.16228, 3.16228, 3.16228, 29.0172, 23.0868, 23, 31.4006, 33.0606, 31.5753, 41.6293, 42.19, 39.1152, 22.2036, 21.2603, 16.2788, 12.2066, 17.8045, 17.8045, 13, 9.21954, 7.07107, 21.0238, 20, 20, 35.5106, 37.2156, 33.8378, 11.4018, 14.4222, 13.1529, 13.8924, 14.7648, 14.8661, 49.0408, 47.5184, 48.0104, 28.8444, 33.6006, 33.0151, 18.3848, 24.0416, 21.0238, 27.4591, 22.2036, 22.2036, 33.2415, 35.4683, 34.7131, 25.02, 25.1794, 24.0208, 41.7852, 47.7598, 42.3792, 60.4649, 65.6049, 60.2163],
[22.0227, 39.3954, 35.7351, 24.0208, 44.1022, 41.0122, 48.3839, 26, 0, 9.43398, 21.0238, 15.5563, 16.6433, 28.7924, 42.9535, 51.614, 24.1868, 24.5967, 55.7584, 51, 46.3897, 48.5077, 38.4838, 36.4006, 60.1082, 52.1728, 37.5899, 37.3363, 40.7063, 34.9285, 36.8782, 33.2415, 25.318, 21.0238, 27.0185, 41.1096, 41.0488, 43, 40.1995, 39.1152, 42.0476, 49.3964, 51.5461, 51.8652, 29.0172, 27.1662, 29.0172, 3.16228, 3.60555, 3, 7.07107, 7.28011, 7.81025, 20.8087, 24.1661, 22.1359, 15.2643, 17.2047, 17.8045, 17.4642, 16.2788, 16.2788, 29.0689, 25.632, 27.8927, 45.8912, 43.6807, 43.6807, 54.0833, 55.2178, 53, 21.0238, 21.6333, 27.2947, 22.4722, 23.0217, 25.2389, 56.4358, 57.4282, 55.0727, 48.3735, 53.3385, 52.4786, 43.566, 49.4975, 45.8912, 51.2445, 45.8803, 45.8803, 36.2353, 35.4683, 38.9487, 36.7967, 38.2884, 36.1248, 56.5862, 61.5549, 56.5685, 50.636, 53.8516, 49.8197],
[25.0599, 45.3542, 34.6699, 21.0238, 39.3192, 49.366, 54.9181, 34.3657, 9.43398, 0, 14.0357, 24.8395, 22.3607, 38.0789, 50.1597, 55.9017, 33.6155, 30.5941, 56.6392, 56.3028, 55.109, 57.5674, 38.4187, 40.7185, 63.0079, 46.0977, 43.0116, 43.7379, 46.1736, 33.121, 34.8855, 31.9061, 23.3238, 18.3576, 23.0868, 36.3456, 36.4966, 38.833, 48.8365, 47.676, 50.0899, 55.5428, 58.0517, 58.2495, 37.4833, 35.0571, 37.4833, 6.40312, 11.4018, 12.083, 3, 3.16228, 3.16228, 12.6491, 17.1172, 16.0312, 24.0832, 26.1725, 27.2029, 24.0832, 20.8806, 20.8806, 38.4708, 34.9285, 37, 53.1507, 50.4876, 50.4876, 58.6003, 59.4811, 57.7754, 30.4138, 31.0644, 36.7151, 27.8927, 28.1603, 30.3645, 56.8507, 58.6941, 55.4437, 53.4883, 58.3095, 57.3847, 52.3927, 58.2495, 54.8179, 60.407, 55.0273, 55.0273, 36.7967, 35, 39.6232, 40.3113, 42.0595, 39.8246, 59.6406, 64.0312, 59.4054, 45, 47.3814, 44.0114],
[23.0868, 45.0999, 25, 11.1803, 25.7099, 53.8516, 55.1453, 39.8246, 21.0238, 14.0357, 0, 36.0555, 25.0799, 46.2277, 51.9711, 52.1728, 43.1393, 32.0156, 48.0104, 54.231, 60.4152, 64.0078, 29.6816, 38.1182, 56.8595, 32.0624, 42.0119, 44.4072, 45, 22.6716, 24.0416, 22.2036, 14.3178, 10.198, 11.3137, 22.8035, 23.0868, 25.632, 54.1295, 52.8015, 53.7587, 55.0091, 58.0775, 58.0345, 42.9418, 39.3954, 42.9418, 18.9737, 20.8087, 22.4722, 14.5602, 17.1172, 13.6015, 3.60555, 3.16228, 2.82843, 36.2353, 38.0789, 37.8021, 27.7308, 22.4722, 22.4722, 47.4236, 43.2782, 44.4072, 54.9181, 51.4781, 51.4781, 55.109, 55.5428, 54.7449, 39.598, 41.1096, 45.9674, 28.8617, 28.6356, 30.4138, 47.634, 50.4777, 46.2277, 51.2445, 55.5788, 54.5894, 58.1378, 63.561, 60.8276, 67.2309, 61.9112, 61.9112, 29.0689, 26.0768, 31.7648, 36.4966, 38.4708, 36.3456, 53.8516, 57.2451, 53.3104, 31.0161, 33.3766, 30],
[28.1603, 36.7967, 45, 36.4006, 56.7539, 31.6228, 43.6005, 18.6011, 15.5563, 24.8395, 36.0555, 0, 20.2237, 16.0312, 36.8917, 51.4004, 10.0499, 24.5967, 61.0328, 48.7955, 35.3553, 36.0139, 46.2709, 37.5899, 61.9112, 65.7875, 36.4006, 33.9411, 39.0512, 45.0999, 47.0956, 43.0465, 36.6742, 33.5261, 39.8497, 53.8516, 53.6004, 55.109, 29.8329, 29.1204, 33.6155, 45.4533, 46.6154, 47.2017, 20.5913, 21.2603, 20.5913, 18.4391, 15.2643, 13.6015, 22.6274, 22.2036, 23.3452, 36.2353, 39.1152, 36.7151, 3.60555, 3.16228, 3, 18.6815, 22.0227, 22.0227, 15.1327, 13.1529, 16.4924, 39.4462, 38.6005, 38.6005, 53.2635, 54.8179, 51.7397, 8.24621, 7.07107, 13.1529, 24.3516, 25.2982, 26.9258, 62.3618, 62.0322, 61.131, 46.7547, 51.6624, 50.9902, 32.249, 38.2099, 34.0588, 38.2099, 33.0606, 33.0606, 43.4166, 44.0454, 45.7056, 39.3954, 40.2492, 38.4838, 58.3095, 64.0078, 58.6686, 63.8905, 67.7791, 63.2456],
[8, 23.0868, 25.1794, 19.8494, 38.9102, 28.7924, 32.5576, 15, 16.6433, 22.3607, 25.0799, 20.2237, 0, 23.0217, 28, 35, 22.1359, 8.24621, 41.2311, 34.4384, 35.3412, 39.1152, 26.0768, 19.8494, 43.9318, 48.8774, 21.0238, 21.3776, 24.1661, 25.7099, 27.6586, 23.5372, 18.868, 17.6918, 23.4307, 36.2353, 35.7771, 36.7696, 29.0689, 27.7308, 28.8617, 33.2415, 35.6931, 35.9026, 18.0278, 14.3178, 18.0278, 18.7883, 13.0384, 14.2127, 19.4165, 22.1359, 19.2354, 27.2029, 27.2947, 24.1868, 22.8035, 23.3452, 20, 2.82843, 2.82843, 2.82843, 25.0599, 20.5913, 20.6155, 31, 28.1603, 28.1603, 37.4433, 38.6005, 36.3593, 18.6815, 21.3776, 24.1661, 5.83095, 6.40312, 8.60233, 42.3792, 42.4853, 41.1096, 31.7648, 36.7151, 35.8469, 33.121, 38.4838, 35.8469, 42.4382, 37.2022, 37.2022, 23.1948, 24.0208, 25.4951, 20.6155, 21.9317, 19.8494, 40.3609, 45.607, 40.4599, 46.5296, 51.3128, 46.1411],
[29.9666, 27.5136, 46.8188, 42.8019, 61.7738, 16.6433, 31.4006, 10.0499, 28.7924, 38.0789, 46.2277, 16.0312, 23.0217, 0, 24.2074, 42.72, 6.32456, 21.587, 57.0789, 38.4708, 19.4165, 20.0998, 46.3249, 32.0624, 54.4059, 71.8679, 28.6356, 24.3516, 30.3645, 47.927, 49.7695, 45.6946, 41.8808, 40.4599, 46.4004, 59.1693, 58.6686, 59.4811, 14.3178, 13.8924, 19.2094, 33.8378, 34.0588, 34.8281, 9.21954, 13, 9.21954, 31.9531, 26.8328, 26, 35.3412, 36.0555, 35.7771, 47.4342, 48.9183, 46.0109, 19.2354, 17.4642, 13.0384, 20.2485, 25.807, 25.807, 3.16228, 3.16228, 3, 26.1725, 26.6271, 26.6271, 43.8634, 45.6946, 42.0476, 8.06226, 9.21954, 4.24264, 23.4094, 24.3516, 24.7386, 59.0085, 57.3149, 58, 37.1618, 41.5933, 41.1461, 16.2788, 22.2036, 18.0278, 22.561, 17.2627, 17.2627, 43.1741, 45.2217, 44.7214, 35, 35.0571, 34, 50.9608, 57.0088, 51.6624, 69.4622, 74.3303, 69.1158],
[29.1204, 9.21954, 39.8246, 43.6578, 57.0088, 10.0499, 7.2111, 18.3576, 42.9535, 50.1597, 51.9711, 36.8917, 28, 24.2074, 0, 21, 29.6985, 20.0998, 39.8497, 15.2971, 15.5242, 21.587, 36.7696, 18.3848, 33.0151, 67.624, 12.7279, 8.06226, 11.6619, 42.2019, 43.4166, 40.2244, 41.2311, 42.72, 46.6154, 55.2178, 54.4059, 54.037, 13.1529, 12.3693, 7, 9.84886, 9.8995, 10.6301, 16.4012, 16.1555, 16.4012, 45.7056, 39.6232, 40.025, 47.1699, 49.4975, 47.0956, 54.5894, 53.6004, 50.448, 40.4969, 39.4081, 34.4093, 26.0768, 30.0666, 30.0666, 27.2029, 25.4558, 21.9317, 3, 3, 3, 21.2132, 23.1948, 19.2354, 29.2062, 31.8904, 28.4253, 23.1948, 23.3452, 21.587, 42.3792, 39.0512, 41.7852, 15, 18.4391, 18.2483, 16.0312, 17.4642, 18.2483, 25, 22.0907, 22.0907, 33.9706, 37.6431, 33.9706, 21.9317, 20.6155, 21.2132, 30.0167, 36, 31.0644, 64.6607, 70.6045, 64.8151],
[30.8707, 15.2315, 31.257, 41.4367, 47.1275, 31.0161, 15.5242, 34, 51.614, 55.9017, 52.1728, 51.4004, 35, 42.72, 21, 0, 46.9574, 27.5862, 20.8087, 6.7082, 36.2215, 42.2966, 26.4764, 15.2643, 12.0416, 57.0088, 15, 18.3848, 12.53, 34.2345, 34.5254, 33.0606, 38.3275, 41.9762, 43.1045, 46.3249, 45.3542, 43.9659, 34.0588, 33.1361, 28, 12.6491, 15.6525, 14.7648, 33.6155, 30.8869, 33.6155, 53.535, 48.0104, 49.2037, 53.2353, 56.4358, 52.7731, 55.5428, 52.6118, 49.8197, 54.8179, 54.4059, 49.6488, 34.7131, 35.5106, 35.5106, 45.8803, 42.9535, 39.9249, 21.2132, 18, 18, 3, 3.60555, 3.60555, 45.2769, 48.3735, 46.6154, 29.2062, 28.6007, 26.4008, 23.6008, 19.2354, 23.4307, 6, 5, 4.24264, 37.0135, 37.6563, 39.1152, 45.5412, 43.0465, 43.0465, 25.0799, 29.1548, 23.3452, 15.8114, 13.9284, 16.1555, 9.05539, 15, 10.198, 53.8516, 60.1664, 54.4243],
[29.8329, 31.7648, 47.0744, 41.1825, 60.9262, 22.8254, 36.7967, 13, 24.1868, 33.6155, 43.1393, 10.0499, 22.1359, 6.32456, 29.6985, 46.9574, 0, 23.0217, 59.6825, 43.2666, 25.7099, 26, 47.2652, 34.9285, 58.3095, 70.6612, 32.311, 28.6531, 34.4384, 47.8017, 49.7293, 45.607, 40.7185, 38.5876, 44.7772, 58.1808, 57.7754, 58.8727, 20.6155, 20.1246, 25.2389, 39.0512, 39.598, 40.3113, 13.6015, 16.1555, 13.6015, 27.2947, 22.8035, 21.6333, 31.0644, 31.305, 31.6228, 43.9318, 46.0109, 43.2782, 13.0384, 11.1803, 7.07107, 19.6469, 24.6982, 24.6982, 5.09902, 4.24264, 7.81025, 31.8904, 31.8904, 31.8904, 48.3735, 50.1199, 46.6476, 3.60555, 3, 3.16228, 24.0832, 25.0799, 26, 61.4003, 60.208, 60.2993, 41.6773, 46.3249, 45.793, 22.561, 28.4429, 24.1868, 28.1603, 23.0217, 23.0217, 44.1814, 45.7056, 46.0435, 37.4833, 37.855, 36.4966, 54.7814, 60.7454, 55.3624, 68.4471, 72.9452, 67.9779],
[10, 14.8661, 25.4951, 24.6982, 41.4005, 22.4722, 24.3311, 11.7047, 24.5967, 30.5941, 32.0156, 24.5967, 8.24621, 21.587, 20.0998, 27.5862, 23.0217, 0, 36.8782, 26.4197, 29.4109, 33.9706, 24.7386, 13.0384, 37.4433, 51.8556, 13.0384, 13.1529, 16.1245, 26.9258, 28.6531, 24.6982, 22.8035, 23.2594, 28.0179, 39.0512, 38.4187, 38.833, 23.4307, 22.0227, 21.9317, 25, 27.4591, 27.6586, 13.8924, 9.43398, 13.8924, 26.9258, 21.0238, 21.9545, 27.6586, 30.3645, 27.4591, 34.5254, 33.8378, 30.6757, 27.7849, 27.7308, 23.4094, 7.2111, 10, 10, 24.3311, 20.0998, 18.6815, 23.0868, 20.025, 20.025, 29.8329, 31.1448, 28.6007, 20.2237, 23.3452, 24.0832, 3.16228, 3.60555, 3.16228, 38.4708, 37.6431, 37.3363, 23.8537, 28.8444, 28.0179, 27.6586, 32.45, 30.4795, 37.4833, 32.5576, 32.5576, 21.587, 23.7697, 23.1948, 14.8661, 15.6525, 13.9284, 33.8378, 39.4462, 34.1321, 49.2037, 54.5619, 49.0408],
[34, 31.5753, 23.0217, 37.0135, 33.1361, 49.2443, 35.7771, 47.1699, 55.7584, 56.6392, 48.0104, 61.0328, 41.2311, 57.0789, 39.8497, 20.8087, 59.6825, 36.8782, 0, 27.4591, 55.3624, 61.4003, 18.4391, 25.02, 13.9284, 41.1947, 29.1548, 34.3657, 28.6356, 25.5539, 24.5967, 25.807, 34.0588, 38.9487, 36.8917, 33.541, 32.5576, 30.2655, 51.9711, 50.8035, 46.5725, 33.121, 36.3593, 35.5106, 48.0104, 44.1022, 48.0104, 56.6127, 52.4786, 54.2033, 54.6717, 58.258, 53.9073, 51.614, 47.1699, 45.2217, 63.9062, 64.195, 60.1664, 42.3792, 40.2492, 40.2492, 60.1332, 56.3205, 54.0833, 40.8534, 37, 37, 22.6716, 21.2132, 24.2074, 57.0701, 60.208, 60.2993, 36.6879, 35.7351, 34.2053, 2.82843, 3, 3.16228, 25.9422, 25.6125, 25, 55.5428, 57.2451, 57.9741, 64.846, 61.6117, 61.6117, 19.8494, 22.0227, 17.0294, 22.2036, 22.0227, 23.1948, 13.6015, 12.1655, 12.2066, 38.1182, 44.2832, 39.0512],
[31.7805, 12.0416, 35.4401, 44, 52, 25.318, 9.05539, 30.6105, 51, 56.3028, 54.231, 48.7955, 34.4384, 38.4708, 15.2971, 6.7082, 43.2666, 26.4197, 27.4591, 0, 30.0167, 36.0555, 31.0161, 16.1245, 18.1108, 62.1691, 13.4164, 14.8661, 10.2956, 38.3275, 38.8973, 36.8782, 41.0122, 44.1022, 46.0977, 50.9215, 49.98, 48.8467, 28.4429, 27.6586, 22.2036, 6.08276, 8.94427, 8.06226, 29.6816, 27.6586, 29.6816, 53.2259, 47.4131, 48.3735, 53.4883, 56.4624, 53.1413, 57.4282, 55.0364, 52.0865, 52.3259, 51.6624, 46.7547, 33.6155, 35.4683, 35.4683, 41.5933, 39.1152, 35.8469, 15, 12.3693, 12.3693, 6, 8, 4, 42.0119, 45, 42.5441, 28.6356, 28.2312, 26, 30.2324, 25.9422, 30, 3, 3.16228, 3, 31.0644, 31.257, 33, 39.2046, 37.0135, 37.0135, 29.1204, 33.2415, 27.8568, 18.0278, 16.0312, 18, 15.5242, 21.2132, 16.7631, 59.0339, 65.307, 59.5063],
[39.4081, 24.1661, 53.1507, 54.0833, 70.0071, 7.07107, 21, 20.8806, 46.3897, 55.109, 60.4152, 35.3553, 35.3412, 19.4165, 15.5242, 36.2215, 25.7099, 29.4109, 55.3624, 30.0167, 0, 6.08276, 50.8035, 32.7567, 48.0937, 80.6102, 27.2947, 21.9545, 26.9258, 55.1725, 56.6392, 53.0377, 52.2015, 52.4786, 57.4282, 67.897, 67.1789, 67.2086, 6.32456, 7.61577, 8.94427, 24, 22.2036, 23.1948, 17.72, 21.0238, 17.72, 49.4975, 43.7379, 43.4166, 52.1728, 53.6004, 52.3927, 62.3939, 62.6099, 59.4811, 38.6394, 36.8782, 32.3883, 32.6956, 38.0132, 38.0132, 21.1896, 22.2036, 19.0263, 15.0333, 18.4391, 18.4391, 36.0139, 38.0132, 34.0147, 27.1662, 28.6356, 23.0868, 32.45, 33.0151, 32.0156, 57.8705, 54.5711, 57.2451, 30.2655, 33, 33.0151, 3.16228, 3.16228, 3.16228, 9.48683, 7.28011, 7.28011, 47.8017, 51.0882, 48.2597, 36.3593, 35.3553, 35.5106, 45.2769, 51.1566, 46.3897, 77.7946, 83.4506, 77.7817],
[43.9318, 30.0832, 58.4123, 58.4123, 75.0733, 12.53, 27.0185, 24.1868, 48.5077, 57.5674, 64.0078, 36.0139, 39.1152, 20.0998, 21.587, 42.2966, 26, 33.9706, 61.4003, 36.0555, 6.08276, 0, 56.3028, 38.4708, 54.1479, 85.6329, 33.1059, 27.7308, 32.8938, 60.3075, 61.8466, 58.1378, 56.7274, 56.6127, 61.8466, 72.8629, 72.1803, 72.3464, 10.6301, 12.0416, 14.8661, 30.0167, 28.0713, 29.0689, 21.095, 25, 21.095, 51.6624, 46.1736, 45.607, 54.7083, 55.7853, 55.0273, 65.7419, 66.3702, 63.2851, 39.0128, 37.054, 33.0151, 36.3593, 41.8808, 41.8808, 21.0238, 23.1948, 20.6155, 21.095, 24.5153, 24.5153, 42.0476, 44.0454, 40.05, 28.1603, 29, 23.0217, 36.8782, 37.5366, 36.7696, 63.8905, 60.6383, 63.2456, 36.3456, 39.0128, 39.0512, 6.40312, 5.38516, 3.60555, 3.60555, 3.16228, 3.16228, 53.2541, 56.4004, 53.8516, 42.0595, 41.1461, 41.1825, 51.3517, 57.2189, 52.469, 82.8794, 88.4138, 82.807],
[18.1108, 27.5862, 5.09902, 18.6011, 21.0238, 43.8292, 36.0555, 36.4006, 38.4838, 38.4187, 29.6816, 46.2709, 26.0768, 46.3249, 36.7696, 26.4764, 47.2652, 24.7386, 18.4391, 31.0161, 50.8035, 56.3028, 0, 18.3848, 27.8927, 31.3847, 24.0416, 29.0689, 25.6125, 8.06226, 8.06226, 7.61577, 15.6205, 20.5183, 18.7883, 19.9249, 18.9737, 17.8885, 45.793, 44.4185, 42.0119, 34.4819, 38.0789, 37.5899, 38.2753, 33.8378, 38.2753, 38.9487, 35.4683, 37.3363, 36.6197, 40.2244, 35.805, 33.2866, 29.0689, 26.9258, 48.6621, 49.366, 46.0435, 28, 24.3311, 24.3311, 49.0306, 44.7214, 43.4166, 38.9487, 34.7131, 34.7131, 29.4279, 29.1548, 29.8329, 44.1022, 47.0425, 48.6621, 23.1948, 22.2036, 21.587, 18.4391, 20.8087, 17.0294, 28.2312, 31.0483, 30.0832, 49.93, 53.4135, 52.6973, 59.9083, 55.5698, 55.5698, 3.16228, 3.60555, 3.16228, 14.8661, 16.4012, 15.5563, 25.318, 27.8568, 24.5153, 28.3019, 34.4819, 28.6531],
[15.8114, 9.21954, 21.6333, 28.0713, 38.833, 25.9422, 18.3848, 22.2036, 36.4006, 40.7185, 38.1182, 37.5899, 19.8494, 32.0624, 18.3848, 15.2643, 34.9285, 13.0384, 25.02, 16.1245, 32.7567, 38.4708, 18.3848, 0, 24.4131, 49.4065, 5.65685, 10.8167, 7.61577, 24.1868, 25.2389, 22.3607, 25.1794, 28.0179, 30.4138, 37.2156, 36.3593, 35.805, 28.2312, 26.9258, 23.8537, 17.4642, 20.8806, 20.6155, 23, 19.105, 23, 38.2753, 32.8024, 34.0588, 38.0132, 41.1825, 37.5766, 41.3038, 39, 36.0139, 40.8167, 40.7063, 36.2491, 19.8494, 20.2485, 20.2485, 35.1283, 31.4006, 29.0689, 20.6155, 16.4012, 16.4012, 17.8885, 18.868, 17.088, 32.573, 35.7351, 35.3553, 14.1421, 13.4536, 11.3137, 27.0185, 25.318, 26.0768, 13.1529, 17.72, 16.7631, 32.2025, 35.2278, 34.8855, 42.0595, 38.0789, 38.0789, 15.6205, 19.4165, 15.6205, 3.60555, 3, 2.82843, 20.8087, 26.4197, 21.095, 46.4004, 52.4309, 46.6154],
[38.2884, 26.9258, 32.9848, 45.6946, 46.0435, 43.0465, 27.1662, 45.31, 60.1082, 63.0079, 56.8595, 61.9112, 43.9318, 54.4059, 33.0151, 12.0416, 58.3095, 37.4433, 13.9284, 18.1108, 48.0937, 54.1479, 27.8927, 24.4131, 0, 54.7449, 26, 30.0832, 24.0416, 35.9026, 35.5106, 35.4401, 42.5441, 46.9574, 46.4866, 46.0109, 45.0111, 43.0116, 46.0977, 45.1774, 40.0125, 24.1868, 26.6833, 25.7099, 45.2217, 42.1545, 45.2217, 61.6198, 56.5685, 58, 60.6053, 64.0312, 60, 60.4152, 56.648, 54.231, 65.192, 65, 60.4152, 44.2041, 43.8406, 43.8406, 57.5674, 54.4243, 51.5461, 33.0606, 30.0167, 30.0167, 12.1655, 10.198, 14.1421, 56.3649, 59.5063, 58.1893, 38.4187, 37.6431, 35.609, 16.5529, 11.1803, 17.088, 18.0278, 15.2971, 15.1327, 49, 49.366, 51.0392, 57.3149, 55.0091, 55.0091, 27.8568, 31.3209, 25.2982, 23.3452, 22.0227, 24.0832, 3.60555, 3.16228, 3.60555, 51.6236, 57.8705, 52.469],
[42.2019, 58.6003, 27.8029, 29.5466, 10.6301, 73.5391, 67.4166, 63.0079, 52.1728, 46.0977, 32.0624, 65.7875, 48.8774, 71.8679, 67.624, 57.0088, 70.6612, 51.8556, 41.1947, 62.1691, 80.6102, 85.6329, 31.3847, 49.4065, 54.7449, 0, 55, 59.6657, 56.8595, 25.4951, 24.2074, 27.5862, 30.0167, 32.311, 26, 12.8062, 13.4536, 13.6015, 75.0067, 73.5935, 72.1803, 65.8635, 69.4622, 68.9638, 65.6049, 61.2209, 65.6049, 50.636, 50.9608, 52.8867, 46.3897, 49.163, 45.3982, 34.0147, 29.0172, 30.2655, 66.7608, 68.3081, 66.8506, 51.6236, 46.1411, 46.1411, 73.9256, 69.4622, 69.3397, 70, 65.8027, 65.8027, 59.808, 59.1354, 60.5392, 67.082, 69.3542, 72.9452, 49.2037, 48.4149, 48.9183, 39.0512, 44.1814, 38.1182, 59.4811, 61.8466, 60.9262, 79.2465, 83.4506, 82.0731, 89.1964, 84.386, 84.386, 33.8378, 30, 34.4819, 46.0435, 47.7074, 46.6154, 53.3667, 53.3385, 52.1728, 3.16228, 3.16228, 2.82843],
[19.0263, 3.60555, 27.2029, 32.5576, 44.4072, 20.6155, 13.3417, 19.3132, 37.5899, 43.0116, 42.0119, 36.4006, 21.0238, 28.6356, 12.7279, 15, 32.311, 13.0384, 29.1548, 13.4164, 27.2947, 33.1059, 24.0416, 5.65685, 26, 55, 0, 5.38516, 3.16228, 29.6816, 30.8058, 27.7849, 29.8329, 32.1403, 35.171, 42.72, 41.8808, 41.4005, 23.0868, 21.8403, 18.3576, 13, 16.1245, 16.0312, 19.4165, 16.1555, 19.4165, 39.8121, 34, 34.9857, 40.1622, 43.0813, 39.8497, 45.0111, 43.1856, 40.1123, 39.8246, 39.4081, 34.6699, 20.2485, 22.1359, 22.1359, 31.7805, 28.4605, 25.7099, 15, 10.8167, 10.8167, 16.9706, 18.4391, 15.6205, 30.4138, 33.541, 32.28, 15.2315, 14.8661, 12.6491, 31.4006, 29, 30.5941, 10.8167, 15.8114, 15, 26.9258, 29.6816, 29.5466, 36.6742, 32.8938, 32.8938, 21.2603, 25, 21.2603, 9.21954, 8.06226, 8.48528, 22.4722, 28.4605, 23.0868, 52.0096, 58.0086, 52.2015],
[21.3776, 3.16228, 31.8904, 35.7351, 49.0408, 15.2315, 11.1803, 15.8114, 37.3363, 43.7379, 44.4072, 33.9411, 21.3776, 24.3516, 8.06226, 18.3848, 28.6531, 13.1529, 34.3657, 14.8661, 21.9545, 27.7308, 29.0689, 10.8167, 30.0832, 59.6657, 5.38516, 0, 6.08276, 34.2053, 35.4683, 32.2025, 33.2415, 34.9285, 38.6264, 47.2017, 46.4004, 46.0977, 17.72, 16.4924, 13.0384, 12.083, 14.3178, 14.5602, 15.2315, 12.8062, 15.2315, 39.8497, 33.8378, 34.5398, 40.7922, 43.4166, 40.6079, 47.1699, 45.8912, 42.7551, 37.4833, 36.7967, 31.8904, 19.9249, 23.0868, 23.0868, 27.5136, 24.5967, 21.5407, 10.7703, 7.07107, 7.07107, 19.7231, 21.4709, 18.0278, 27.2029, 30.2324, 28.2312, 16.0312, 16, 14.0357, 36.6742, 34.0588, 35.9026, 13.0384, 17.8045, 17.2047, 21.5407, 24.4131, 24.1661, 31.305, 27.5136, 27.5136, 26.1725, 29.7321, 26.4008, 14.4222, 13.4164, 13.6015, 26.6833, 32.7567, 27.4591, 56.7274, 62.6259, 56.8507],
[22.0907, 3, 29.1548, 35.3553, 46.3249, 20.6155, 10.7703, 21.4709, 40.7063, 46.1736, 45, 39.0512, 24.1661, 30.3645, 11.6619, 12.53, 34.4384, 16.1245, 28.6356, 10.2956, 26.9258, 32.8938, 25.6125, 7.61577, 24.0416, 56.8595, 3.16228, 6.08276, 0, 31.7648, 32.7567, 29.9666, 32.5576, 35.0571, 37.855, 44.7772, 43.909, 43.2666, 23.3452, 22.2036, 18.0278, 10.0499, 13.3417, 13.1529, 21.1896, 18.3576, 21.1896, 42.9535, 37.1214, 38.0789, 43.3244, 46.2385, 43.0116, 48.0416, 46.0977, 43.0465, 42.5206, 42.0119, 37.2022, 23.3238, 25.2982, 25.2982, 33.5261, 30.4631, 27.5136, 13.4536, 9.21954, 9.21954, 14.2127, 15.8114, 12.7279, 32.7567, 35.8469, 34.176, 18.3848, 18.0278, 15.8114, 31.0483, 28.1603, 30.3645, 7.81025, 12.8062, 12.0416, 26.9258, 29.0689, 29.4109, 36.4006, 32.9848, 32.9848, 23.0217, 26.9258, 22.6716, 10.8167, 9.21954, 10.2956, 20.6155, 26.6833, 21.3776, 53.8238, 59.9083, 54.0833],
[18.0278, 33.2866, 3, 12.2066, 14.8661, 48.1041, 42.4853, 38.4708, 34.9285, 33.121, 22.6716, 45.0999, 25.7099, 47.927, 42.2019, 34.2345, 47.8017, 26.9258, 25.5539, 38.3275, 55.1725, 60.3075, 8.06226, 24.1868, 35.9026, 25.4951, 29.6816, 34.2053, 31.7648, 0, 2, 2.23607, 9.84886, 14.7648, 11.4018, 13.0384, 12.2066, 12.0416, 49.679, 48.2701, 46.6905, 41.2311, 44.7772, 44.3847, 40.8167, 36.3593, 40.8167, 34.7851, 32.3883, 34.3657, 31.7805, 35.3412, 30.8707, 26.2488, 21.6333, 19.8494, 47, 48.0416, 45.3982, 28.1603, 23.3452, 23.3452, 50.3289, 45.8803, 45.1885, 44.6542, 40.4969, 40.4969, 37.2156, 37.054, 37.4833, 44.3847, 47.0744, 49.6488, 24.5967, 23.7065, 23.8537, 25, 28.178, 23.6008, 35.4401, 38.6394, 37.6563, 53.9073, 57.9828, 56.7274, 63.8905, 59.203, 59.203, 9.21954, 5.09902, 11, 21.0238, 22.8473, 21.4709, 33.3766, 35.7351, 32.5576, 22.6274, 28.4253, 22.6716],
[19.9249, 34.4093, 3.60555, 13.8924, 13.6015, 49.5782, 43.4166, 40.2492, 36.8782, 34.8855, 24.0416, 47.0956, 27.6586, 49.7695, 43.4166, 34.5254, 49.7293, 28.6531, 24.5967, 38.8973, 56.6392, 61.8466, 8.06226, 25.2389, 35.5106, 24.2074, 30.8058, 35.4683, 32.7567, 2, 0, 4.12311, 11.7047, 16.5529, 12.7279, 12.083, 11.1803, 10.6301, 51.225, 49.8197, 48.0833, 42.0476, 45.618, 45.1885, 42.5441, 38.0789, 42.5441, 36.6879, 34.3657, 36.3456, 33.6155, 37.1618, 32.6956, 27.5862, 22.8035, 21.2132, 49, 50.04, 47.3814, 30.0832, 25.318, 25.318, 52.2015, 47.7598, 47.0106, 45.8039, 41.6173, 41.6173, 37.4833, 37.2156, 37.855, 46.3249, 49.0306, 51.5461, 26.4008, 25.4951, 25.5539, 23.8537, 27.313, 22.4722, 36.0555, 39.0512, 38.0789, 55.4437, 59.4138, 58.258, 65.437, 60.803, 60.803, 9.84886, 5.83095, 11.1803, 21.9545, 23.7065, 22.4722, 33.1361, 35.171, 32.249, 21.2603, 27.2029, 21.4009],
[15.8114, 31.3847, 2.82843, 11.3137, 16.9706, 45.9674, 40.7185, 36.2353, 33.2415, 31.9061, 22.2036, 43.0465, 23.5372, 45.6946, 40.2244, 33.0606, 45.607, 24.6982, 25.807, 36.8782, 53.0377, 58.1378, 7.61577, 22.3607, 35.4401, 27.5862, 27.7849, 32.2025, 29.9666, 2.23607, 4.12311, 0, 8.60233, 13.6015, 11.1803, 15, 14.2127, 14.2127, 47.5079, 46.0977, 44.5982, 39.5601, 43.0813, 42.72, 38.5876, 34.1321, 38.5876, 33.2415, 30.5941, 32.5576, 30.4138, 34, 29.5296, 25.807, 21.4709, 19.4165, 45.0111, 46.0109, 43.2897, 25.9615, 21.2132, 21.2132, 48.1041, 43.6578, 42.9535, 42.72, 38.5876, 38.5876, 36.0555, 36, 36.2215, 42.2019, 44.911, 47.4342, 22.3607, 21.4709, 21.6333, 25.4951, 28.3019, 24.0832, 33.9559, 37.3363, 36.3456, 51.7397, 55.8659, 54.5619, 61.7171, 57.0088, 57.0088, 8, 4.12311, 10.198, 19.3132, 21.1896, 19.6977, 32.7567, 35.4683, 32.0156, 24.7588, 30.4795, 24.7588],
[12.8062, 33.2415, 11.4018, 3.16228, 20.2485, 45.2217, 43.1741, 33.3017, 25.318, 23.3238, 14.3178, 36.6742, 18.868, 41.8808, 41.2311, 38.3275, 40.7185, 22.8035, 34.0588, 41.0122, 52.2015, 56.7274, 15.6205, 25.1794, 42.5441, 30.0167, 29.8329, 33.2415, 32.5576, 9.84886, 11.7047, 8.60233, 0, 5, 5.38516, 17.4642, 17.088, 18.4391, 46.2277, 44.8219, 44.4185, 42.5793, 45.8912, 45.7056, 36.0694, 31.8277, 36.0694, 25, 23.0217, 25.02, 21.9317, 25.4951, 21.0238, 17.8885, 14.3178, 11.7047, 38.2099, 39.4588, 37.3631, 21.6333, 16.1245, 16.1245, 43.909, 39.4462, 39.4081, 44.0114, 40.1622, 40.1622, 41.3038, 41.5933, 41.1096, 37.1618, 39.5601, 42.9418, 19.8494, 19.2094, 20.2485, 33.9411, 36.4006, 32.5269, 38.0132, 42.0476, 41.0488, 50.448, 55.2178, 53.2635, 60.208, 55.1725, 55.1725, 14.7648, 12.0416, 17.4929, 23, 25, 23.0217, 39.5601, 42.9418, 39, 27.7308, 32.45, 27.2947],
[13.6015, 35.3553, 16.4012, 3, 23.3452, 45.6508, 45.3982, 32.6497, 21.0238, 18.3576, 10.198, 33.5261, 17.6918, 40.4599, 42.72, 41.9762, 38.5876, 23.2594, 38.9487, 44.1022, 52.4786, 56.6127, 20.5183, 28.0179, 46.9574, 32.311, 32.1403, 34.9285, 35.0571, 14.7648, 16.5529, 13.6015, 5, 0, 6.32456, 20.3961, 20.2237, 22.0227, 46.3249, 44.9444, 45.1885, 45.0999, 48.2597, 48.1664, 35.609, 31.6228, 35.609, 20.3961, 19.105, 21.095, 17.088, 20.6155, 16.1555, 13.6015, 11.0454, 8, 34.7131, 36.1386, 34.5398, 20.5183, 14.8661, 14.8661, 42.2019, 37.8021, 38.2099, 45.607, 41.9762, 41.9762, 44.911, 45.3542, 44.5533, 34.9857, 37.1214, 41.0488, 20.1246, 19.6977, 21.1896, 38.8973, 41.2311, 37.4833, 41.1096, 45.3982, 44.4072, 50.4777, 55.5698, 53.2541, 60, 54.8179, 54.8179, 19.4165, 16.9706, 22.2036, 26.3059, 28.2843, 26.1725, 43.8634, 47.5079, 43.382, 30.3645, 34.4384, 29.7321],
[18.0278, 38.6005, 13.8924, 3.60555, 17.1172, 50.4777, 48.5077, 38.1838, 27.0185, 23.0868, 11.3137, 39.8497, 23.4307, 46.4004, 46.6154, 43.1045, 44.7772, 28.0179, 36.8917, 46.0977, 57.4282, 61.8466, 18.7883, 30.4138, 46.4866, 26, 35.171, 38.6264, 37.855, 11.4018, 12.7279, 11.1803, 5.38516, 6.32456, 0, 14.1421, 14.0357, 16.0312, 51.4004, 50, 49.7393, 47.8539, 51.1957, 50.9902, 41.0366, 36.8782, 41.0366, 26.0768, 25.318, 27.2947, 22.3607, 25.7099, 21.3776, 14.8661, 10.2956, 8.48528, 41, 42.45, 40.8534, 26.2488, 20.6155, 20.6155, 48.2597, 43.8292, 44.0454, 49.3964, 45.5412, 45.5412, 46.0977, 46.2709, 46.0109, 41.1825, 43.382, 47.1699, 25, 24.4131, 25.5539, 36.4006, 39.4462, 35, 43.1045, 47, 46, 55.6058, 60.4649, 58.4123, 65.2993, 60.208, 60.208, 18.6815, 15.2315, 21.1896, 28.0713, 30.0666, 28.1603, 43.6807, 46.6154, 43.0116, 24.0416, 28.178, 23.4094],
[29.4109, 46.3249, 15.6525, 17.4642, 3, 60.8276, 55.4707, 50.2195, 41.1096, 36.3456, 22.8035, 53.8516, 36.2353, 59.1693, 55.2178, 46.3249, 58.1808, 39.0512, 33.541, 50.9215, 67.897, 72.8629, 19.9249, 37.2156, 46.0109, 12.8062, 42.72, 47.2017, 44.7772, 13.0384, 12.083, 15, 17.4642, 20.3961, 14.1421, 0, 1, 3.60555, 62.2415, 60.8276, 59.5483, 54.1295, 57.6975, 57.2713, 52.8015, 48.4149, 52.8015, 40, 39.4588, 41.4367, 36.0555, 39.2046, 35.0571, 25.632, 20.2485, 20.3961, 55.109, 56.5155, 54.7083, 38.9487, 33.541, 33.541, 61.2944, 56.8243, 56.6039, 57.6888, 53.535, 53.535, 49.2443, 48.8365, 49.7293, 54.626, 57.0088, 60.3738, 36.4006, 35.609, 36.1248, 32.0156, 36.4966, 30.8058, 48.1041, 50.9608, 50, 66.4831, 70.7672, 69.3109, 76.4199, 71.5891, 71.5891, 21.9317, 17.8885, 23.0868, 34, 35.7771, 34.4819, 44.0454, 45.1774, 43.0116, 10.2956, 15.5563, 10],
[28.8444, 45.4863, 14.7648, 17.2627, 3.16228, 60.1082, 54.5894, 49.6488, 41.0488, 36.4966, 23.0868, 53.6004, 35.7771, 58.6686, 54.4059, 45.3542, 57.7754, 38.4187, 32.5576, 49.98, 67.1789, 72.1803, 18.9737, 36.3593, 45.0111, 13.4536, 41.8808, 46.4004, 43.909, 12.2066, 11.1803, 14.2127, 17.088, 20.2237, 14.0357, 1, 0, 2.82843, 61.5549, 60.1415, 58.7963, 53.2259, 56.7979, 56.3649, 52.2015, 47.8017, 52.2015, 40.0125, 39.3192, 41.3038, 36.1248, 39.3192, 35.1283, 26, 20.6155, 20.6155, 54.9181, 56.2939, 54.4059, 38.4708, 33.1059, 33.1059, 60.8276, 56.356, 56.0803, 56.8595, 52.6973, 52.6973, 48.2701, 47.8539, 48.7647, 54.231, 56.648, 59.9333, 35.805, 35, 35.4683, 31.0483, 35.5106, 29.8329, 47.1699, 50, 49.0408, 65.7951, 70.0357, 68.6222, 75.743, 70.9366, 70.9366, 21.0238, 17, 22.1359, 33.121, 34.8855, 33.6155, 43.0465, 44.1814, 42.0119, 10.8167, 16.2788, 10.6301],
[29.5296, 45, 14.2127, 19.0263, 3.16228, 60.1415, 53.8516, 50.2494, 43, 38.833, 25.632, 55.109, 36.7696, 59.4811, 54.037, 43.9659, 58.8727, 38.833, 30.2655, 48.8467, 67.2086, 72.3464, 17.8885, 35.805, 43.0116, 13.6015, 41.4005, 46.0977, 43.2666, 12.0416, 10.6301, 14.2127, 18.4391, 22.0227, 16.0312, 3.60555, 2.82843, 0, 61.7171, 60.3075, 58.6941, 52.3546, 55.9464, 55.4707, 52.6973, 48.2597, 52.6973, 42.107, 41.1096, 43.1045, 38.3275, 41.5933, 37.3363, 28.6356, 23.2594, 23.0868, 56.5685, 57.8705, 55.7853, 39.3954, 34.176, 34.176, 61.7414, 57.2713, 56.8243, 56.4004, 52.2015, 52.2015, 46.8402, 46.3249, 47.4342, 55.3624, 57.8705, 60.9262, 36.3593, 35.5106, 35.805, 28.6356, 33.2415, 27.4591, 46.0977, 48.7032, 47.7598, 65.9469, 70.0071, 68.7677, 75.9276, 71.218, 71.218, 20.2485, 16.4012, 21.0238, 32.45, 34.1321, 33.0151, 41.1947, 42.0476, 40.1123, 10.6301, 16.6433, 10.8167],
[33.4216, 20.3961, 47.8017, 48.0104, 64.4438, 3.16228, 19.9249, 14.5602, 40.1995, 48.8365, 54.1295, 29.8329, 29.0689, 14.3178, 13.1529, 34.0588, 20.6155, 23.4307, 51.9711, 28.4429, 6.32456, 10.6301, 45.793, 28.2312, 46.0977, 75.0067, 23.0868, 17.72, 23.3452, 49.679, 51.225, 47.5079, 46.2277, 46.3249, 51.4004, 62.2415, 61.5549, 61.7171, 0, 1.41421, 6.32456, 22.8035, 21.9317, 22.8473, 11.4018, 14.7648, 11.4018, 43.2897, 37.4833, 37.2156, 45.8912, 47.3814, 46.0977, 56.0803, 56.356, 53.2353, 33.2415, 31.6228, 26.9258, 26.4008, 31.7648, 31.7648, 16.6433, 16.7631, 13.3417, 13.9284, 16.1245, 16.1245, 34.3657, 36.3456, 32.3883, 21.587, 23.4094, 18.3576, 26.4008, 27.0185, 26.1725, 54.3415, 51.4781, 53.6004, 28.0713, 31.5753, 31.4006, 4.24264, 9.48683, 7.07107, 14.2127, 9.84886, 9.84886, 42.72, 45.8039, 43.4166, 31.7805, 31.0161, 30.8707, 43.0116, 49.0408, 44, 72.2496, 77.7946, 72.1803],
[32.0156, 19.2354, 46.4004, 46.6154, 63.0317, 2.82843, 19.3132, 13.3417, 39.1152, 47.676, 52.8015, 29.1204, 27.7308, 13.8924, 12.3693, 33.1361, 20.1246, 22.0227, 50.8035, 27.6586, 7.61577, 12.0416, 44.4185, 26.9258, 45.1774, 73.5935, 21.8403, 16.4924, 22.2036, 48.2701, 49.8197, 46.0977, 44.8219, 44.9444, 50, 60.8276, 60.1415, 60.3075, 1.41421, 0, 5.83095, 22.1359, 21.4709, 22.3607, 10.198, 13.4164, 10.198, 42.19, 36.3456, 36.1248, 44.7214, 46.2709, 44.911, 54.7814, 55.0091, 51.8845, 32.573, 31.0161, 26.2488, 25.0799, 30.4138, 30.4138, 16.4012, 16.1555, 12.6491, 13.4164, 15.2971, 15.2971, 33.541, 35.5106, 31.5753, 20.8806, 22.8473, 18.0278, 25, 25.6125, 24.7588, 53.1507, 50.3587, 52.3927, 27.1662, 30.8058, 30.5941, 5.65685, 10.7703, 8.48528, 15.6205, 11.1803, 11.1803, 41.3401, 44.4072, 42.0595, 30.4631, 29.7321, 29.5466, 42.0476, 48.0937, 43.0116, 70.8378, 76.3806, 70.7672],
[31.7648, 15.2315, 44.5533, 46.5296, 61.5549, 3.16228, 13.6015, 16.1245, 42.0476, 50.0899, 53.7587, 33.6155, 28.8617, 19.2094, 7, 28, 25.2389, 21.9317, 46.5725, 22.2036, 8.94427, 14.8661, 42.0119, 23.8537, 40.0125, 72.1803, 18.3576, 13.0384, 18.0278, 46.6905, 48.0833, 44.5982, 44.4185, 45.1885, 49.7393, 59.5483, 58.7963, 58.6941, 6.32456, 5.83095, 0, 16.4924, 15.6525, 16.5529, 13.3417, 15.0333, 13.3417, 45.0111, 39, 39.0512, 47.0956, 49, 47.1699, 56.0446, 55.7136, 52.5547, 37.1618, 35.7771, 30.8707, 26.4764, 31.3209, 31.3209, 21.9317, 21.095, 17.4929, 7.61577, 10, 10, 28.1603, 30.1496, 26.1725, 25.4951, 27.7849, 23.4307, 25.0799, 25.4951, 24.1868, 49.0408, 45.8912, 48.3839, 22, 25.318, 25.1794, 9.05539, 11.4018, 11.4018, 18.3848, 15.1327, 15.1327, 39.0512, 42.45, 39.4081, 27.4591, 26.4197, 26.6271, 37.0135, 43, 38.0526, 69.3109, 75.0733, 69.3542],
[32.0156, 10.198, 38.4838, 45.3982, 55.4707, 19.6469, 3, 26.9072, 49.3964, 55.5428, 55.0091, 45.4533, 33.2415, 33.8378, 9.84886, 12.6491, 39.0512, 25, 33.121, 6.08276, 24, 30.0167, 34.4819, 17.4642, 24.1868, 65.8635, 13, 12.083, 10.0499, 41.2311, 42.0476, 39.5601, 42.5793, 45.0999, 47.8539, 54.1295, 53.2259, 52.3546, 22.8035, 22.1359, 16.4924, 0, 3.60555, 3.16228, 25.4951, 24.2074, 25.4951, 51.8652, 45.8803, 46.6154, 52.6308, 55.3624, 52.3927, 58.0086, 56.1427, 53.0848, 49.0408, 48.1664, 43.1856, 31.9531, 34.7131, 34.7131, 36.8917, 34.8281, 31.4006, 9.05539, 7.2111, 7.2111, 12.0416, 14.0357, 10.0499, 38.1838, 41.0366, 38.0132, 27.6586, 27.4591, 25.318, 35.8469, 31.7805, 35.5106, 7.2111, 9, 9.05539, 25.1794, 25.1794, 27.0185, 33.1361, 31.0644, 31.0644, 32.2025, 36.2491, 31.3847, 20.2485, 18.3848, 19.9249, 21.587, 27.2947, 22.8035, 62.7694, 68.9638, 63.1348],
[35.0143, 13, 42.0476, 48.6621, 59.0593, 18.7883, 3.16228, 28.0179, 51.5461, 58.0517, 58.0775, 46.6154, 35.6931, 34.0588, 9.8995, 15.6525, 39.598, 27.4591, 36.3593, 8.94427, 22.2036, 28.0713, 38.0789, 20.8806, 26.6833, 69.4622, 16.1245, 14.3178, 13.3417, 44.7772, 45.618, 43.0813, 45.8912, 48.2597, 51.1957, 57.6975, 56.7979, 55.9464, 21.9317, 21.4709, 15.6525, 3.60555, 0, 1, 26.2488, 25.5539, 26.2488, 54.1202, 48.0833, 48.7032, 55.109, 57.7235, 54.9181, 61.0082, 59.3043, 56.2228, 50.2195, 49.2037, 44.2041, 34.2053, 37.3363, 37.3363, 37.0135, 35.3553, 31.8277, 8.06226, 8.06226, 8.06226, 14.5602, 16.4924, 12.6491, 39.0512, 41.7732, 38.2884, 30.2655, 30.1496, 28.0713, 39.1152, 34.8855, 38.833, 10.6301, 11.4018, 11.7047, 23.7697, 23, 25.318, 31, 29.4279, 29.4279, 35.7771, 39.8121, 34.9857, 23.7697, 21.9317, 23.4094, 24.3516, 29.8329, 25.632, 66.3702, 72.5603, 66.7308],
[35, 13.0384, 41.6293, 48.5077, 58.5918, 19.6977, 3.60555, 28.6007, 51.8652, 58.2495, 58.0345, 47.2017, 35.9026, 34.8281, 10.6301, 14.7648, 40.3113, 27.6586, 35.5106, 8.06226, 23.1948, 29.0689, 37.5899, 20.6155, 25.7099, 68.9638, 16.0312, 14.5602, 13.1529, 44.3847, 45.1885, 42.72, 45.7056, 48.1664, 50.9902, 57.2713, 56.3649, 55.4707, 22.8473, 22.3607, 16.5529, 3.16228, 1, 0, 26.9072, 26.0768, 26.9072, 54.4059, 48.3839, 49.0408, 55.3173, 57.9741, 55.109, 61, 59.2115, 56.1427, 50.8035, 49.8197, 44.8219, 34.4819, 37.4833, 37.4833, 37.8021, 36.0694, 32.5576, 8.94427, 8.60233, 8.60233, 13.6015, 15.5242, 11.7047, 39.6989, 42.45, 39.0512, 30.4138, 30.2655, 28.1603, 38.2753, 34, 38.0132, 9.8995, 10.4403, 10.7703, 24.7386, 24, 26.3059, 32, 30.4138, 30.4138, 35.3412, 39.3954, 34.4819, 23.4094, 21.5407, 23.0868, 23.4094, 28.8617, 24.6982, 65.8635, 72.0694, 66.242],
