/*********************************************
 * OPL 12.8.0.0 Model
 * Author: sebashc
 * Creation Date: 18/05/2018 at 4:11:38 p. m.
 *********************************************/
 execute
{
cplex.tilim=3600;
cplex.epgap=0.01;
} 
 
/***Constants***/
int depots=1; // Number of depots
int positions=176; // Number of current positions + (current positions + posibles positions)
int currentPositions=44; // Current positions
int vehicles=7; // Number of vehicles
//int maxCompartments=153; // Number of max compartments of the vehicle

/***Sets***/
range D=1..depots; // Set of depots
range V=1..depots+positions; // Set of vertices
range S=depots+1..depots+positions; // Set of current positions + posibles positions
range A=depots+1..depots+currentPositions; // Set of current positions
range K=1..vehicles; // Set of vehicles
//range M=1..maxCompartments; // Set of posibles configurations of compartments

/***Parametres***/
float c[V][V]=
[[0, 5.83095, 9.48683, 50.5964, 50.9215, 70.8308, 71.8053, 65.307, 22.2036, 3.16228, 17.6918, 49.2443, 52.7731, 53.7587, 52.6118, 2.82843, 9.21954, 22.3607, 27.5862, 25.807, 10.2956, 9.84886, 63.2456, 64.0703, 1, 34.9857, 61.8547, 81.4985, 129.835, 82.2192, 41.7612, 50.4876, 51.6236, 65.2533, 45.0111, 54.7449, 29.2746, 21.2132, 22.0907, 39.1152, 40.1123, 41.4849, 28.0713, 30, 30.6105, 8.94427, 8.24621, 3, 12.3693, 12.3693, 9, 47.4342, 48.7647, 49.7695, 52, 52, 51.0784, 68.1542, 74.2159, 73.7564, 71.1969, 74.3303, 71.5681, 68.2495, 64.0312, 64.0312, 22, 25.4951, 22.8035, 5, 3, 2, 16.4012, 20, 20.6155, 46.5188, 51, 49.6488, 55.9017, 52.3927, 49.8197, 52.1728, 55.4437, 55.3173, 52.2398, 55.9017, 53.1507, 5.38516, 3.16228, 2.23607, 12, 9.43398, 12.6491, 23.8537, 23.8537, 23.0217, 27.2029, 24.7588, 31.1448, 27.6586, 25.0599, 27.7849, 10.198, 12.3693, 7.28011, 6.7082, 12.2066, 10.6301, 65, 65, 60.803, 67.1193, 64.1405, 62.2013, 2.82843, 4.12311, 4.12311, 32.6497, 34.4384, 33.0151, 65.215, 63.8122, 61.0574, 83.2166, 81.1542, 80.2247, 126.372, 127.562, 128.69, 83.4865, 82.4924, 79.2275, 38.6005, 41.7852, 39.0512, 48.1664, 50.9902, 50.9902, 52.1728, 48.6621, 48.6621, 62.9365, 67.72, 65.146, 42.0476, 44.1814, 45.1774, 53.3385, 57.4282, 57.7062, 27.0185, 27.6586, 29.8329, 22, 21.8403, 23.0217, 19.105, 19, 25.318, 42.107, 39, 41.3038, 38.0132, 37.1214, 37.0135, 42.3792, 44.2719, 42.9535, 25.0799, 25.02, 25.318, 33.4216, 32.45, 27.4591, 27.8029, 27.6586, 33.0151],
[5.83095, 0, 4, 46.3249, 46.5725, 66.9104, 67.897, 61.5224, 27, 4, 17.4642, 46.1411, 48.5077, 49.4773, 48.2701, 3.16228, 6.40312, 19.8494, 26.9258, 31.6228, 16.1245, 15.6525, 68.6003, 69.4046, 5, 40.2244, 67.2012, 78.1025, 131.822, 79.7621, 40.7185, 48.5077, 49.7293, 63.9062, 42.4264, 51.1566, 26.0192, 18.1108, 19.2354, 36.8782, 37.855, 40.3113, 25.9615, 31.1448, 31.8904, 3.16228, 3.16228, 3.60555, 7, 7, 5, 43.1741, 44.7214, 45.2217, 47.4342, 47.4342, 46.4866, 64.1327, 70.214, 69.8713, 67.4759, 70.5762, 67.4685, 64.4981, 60.0167, 60.0167, 27.1662, 30.0666, 27.1662, 1, 3.60555, 4.24264, 15.2643, 20.2485, 20.6155, 43.566, 48.2597, 46.8722, 51.6624, 48.3839, 45.607, 48.0833, 50.9902, 51.2445, 47.676, 51.6624, 49.0408, 1, 6, 5, 7.61577, 8.544, 9.8995, 21.9317, 21.9317, 21.2603, 27.313, 24.1868, 30.5287, 33.4216, 30.8869, 33.6155, 15.8114, 18.0278, 13, 12.53, 18.0278, 16.4012, 70.4344, 70.4344, 66.2193, 72.4224, 69.3397, 67.624, 7.07107, 2.23607, 4.12311, 37.7359, 39.4462, 38.4187, 70.6045, 69.0652, 66.2873, 80.0062, 78, 77.0065, 128.406, 129.468, 130.801, 81.2158, 80.2309, 76.7919, 37.5766, 41.1825, 37.6962, 45.8912, 49.3356, 49.3356, 50.5964, 46.8402, 46.8402, 61.8466, 66.4831, 64.0781, 39.6232, 41.9762, 42.9535, 50.01, 54.037, 54.1479, 24.3311, 24.0208, 26.0768, 19.6469, 18.0278, 20.3961, 16.2788, 16.7631, 22.0227, 39.8121, 36.3456, 39.2938, 35.5106, 34.9285, 34.5254, 41.5933, 43.382, 41.4367, 23.0868, 22.8035, 23.7697, 34.7131, 33.2415, 28.2843, 29.0689, 29.2062, 33.9411],
[9.48683, 4, 0, 45.5412, 45.7056, 66.3702, 67.3647, 61.131, 31, 8, 16.2788, 42.72, 44.643, 45.607, 44.3847, 7.07107, 5, 17.0294, 25.0799, 34.9857, 19.6977, 19.3132, 71.0634, 71.8401, 8.544, 42.638, 69.6563, 78, 135, 80.4114, 42.5441, 49.6488, 50.9215, 65.3911, 43.1741, 51, 26.4764, 18.9737, 20.2485, 37.9473, 38.8973, 42.0595, 27.313, 34.2053, 35, 1.41421, 1.41421, 6.7082, 3, 3, 3, 42.4264, 44.1814, 44.1475, 46.3249, 46.3249, 45.3542, 63.5059, 69.5845, 69.3542, 67.1193, 70.1783, 66.7533, 64.1249, 59.4138, 59.4138, 31.1448, 34.0588, 31.1448, 5, 6.7082, 7.61577, 13.6015, 19.2354, 19.4165, 40.2244, 45, 43.6005, 47.8017, 44.5982, 41.7612, 44.2719, 47.0744, 47.4342, 43.7379, 47.8017, 45.2217, 4.12311, 10, 8.06226, 4.24264, 8.06226, 7.61577, 19.4165, 19.4165, 18.868, 25.9615, 22.4722, 28.6356, 36.6197, 34.4384, 37.1214, 19.6469, 21.8403, 16.7631, 16.1555, 21.4709, 19.7231, 73, 73, 68.7677, 74.8131, 71.6101, 70.1783, 11.0454, 5.38516, 6.40312, 40, 41.6173, 41.0366, 73.1095, 71.4003, 68.6003, 80.0562, 78.1025, 77.0584, 131.605, 132.612, 134.034, 82, 81.0247, 77.4661, 39.4462, 43.2666, 39.3573, 46.8402, 50.6952, 50.6952, 52, 48.1041, 48.1041, 63.5059, 68.0294, 65.7419, 40.5216, 43.0116, 43.9659, 50.0899, 54.037, 54, 25.2982, 24.1868, 26.0768, 21.0238, 18.2483, 21.5407, 17.4642, 18.3576, 22.561, 40.8044, 37.108, 40.4969, 36.4006, 36.0555, 35.4401, 43.566, 45.2769, 42.9535, 24.5967, 24.1661, 25.5539, 37.8021, 36.1248, 31.241, 32.2025, 32.45, 36.8782],
[50.5964, 46.3249, 45.5412, 0, 1, 21, 22, 16.2788, 58.8982, 47.4342, 61.131, 73.9256, 67.4166, 67.9559, 66.5733, 48.0833, 50.4876, 58.1378, 68.0661, 73.0616, 58.6003, 57.6975, 112.712, 113.6, 50.2892, 85.0882, 111.364, 33.7343, 120.503, 40.4969, 29.1204, 23.0868, 24.1868, 36.2491, 17.2627, 9.21954, 22.4722, 29.9666, 29.5296, 21.0238, 20.6155, 28.1603, 26.9072, 41.6173, 42.4382, 44.7214, 46.6905, 49.7293, 45.1774, 45.1774, 48.5077, 3.16228, 3.16228, 3.60555, 4, 4, 4.12311, 18.0278, 24.0832, 24, 22.2036, 25.0799, 21.2132, 19.2354, 14, 14, 61.2209, 59.4138, 56.6392, 46.5725, 49.7293, 50, 58.0775, 64.1249, 64.0703, 72.8011, 77.6209, 76.3217, 69.8928, 69.4622, 65.8635, 68.6003, 67.424, 71.0211, 64.0703, 69.8928, 69.1158, 47.2969, 48.1041, 50.9608, 48.1664, 53.6004, 52.1536, 61.131, 61.131, 61.0737, 70, 66.0076, 71.1758, 75.6637, 71.0211, 73.7835, 56.356, 58.1808, 55.0364, 55.5428, 60.8358, 60.0083, 114.127, 114.127, 110.059, 116.726, 114.061, 111.414, 49.3964, 48.5077, 50.448, 83.006, 84.8646, 82.7647, 114.529, 113.596, 110.923, 36.4006, 34.7851, 33.5261, 117.72, 117.644, 120.603, 43.0116, 42.2019, 38.0132, 29.1548, 32.28, 26.9258, 20, 26.0768, 26.0768, 27.1662, 24, 24, 37, 38.9102, 38.6264, 18.9737, 20.3961, 20.2237, 11.1803, 12.7279, 11.4018, 25.807, 23.2594, 21.0238, 30.5287, 28.7924, 29.1548, 32.2025, 33.121, 25.9422, 19.9249, 18.3576, 22.1359, 19.7231, 21.9545, 20.2485, 31.0483, 30.5941, 25.7099, 29.2062, 28.6007, 30.4795, 43.0465, 39.9625, 39.8246, 42.0119, 43.4166, 40.8167],
[50.9215, 46.5725, 45.7056, 1, 0, 21.0238, 22.0227, 16.4924, 59.5483, 47.7598, 61.2046, 73.5391, 66.888, 67.4166, 66.0379, 48.3839, 50.636, 58.0775, 68.0294, 73.5731, 59.0339, 58.1378, 113.177, 114.061, 50.5964, 85.4927, 111.826, 33.9559, 121.458, 41.0488, 30.0832, 24.0832, 25.1794, 37.1618, 18.2483, 10, 23.0217, 30.4138, 30.0167, 21.9317, 21.5407, 29.1204, 27.5862, 42.4382, 43.2666, 44.911, 46.8722, 50, 45.2769, 45.2769, 48.6621, 3.60555, 4.12311, 2.82843, 3, 3, 3.16228, 18, 24.0208, 24.0208, 22.3607, 25.1794, 21.095, 19.4165, 14.0357, 14.0357, 61.8466, 60.1082, 57.3149, 46.8402, 50, 50.2892, 58.1378, 64.195, 64.1249, 72.45, 77.2528, 75.9605, 69.3397, 68.9638, 65.3682, 68.0955, 66.8506, 70.4911, 63.5138, 69.3397, 68.6003, 47.5395, 48.4665, 51.2445, 48.2597, 53.7587, 52.2398, 61.0737, 61.0737, 61.0328, 70.0071, 66, 71.1126, 76.1577, 71.5612, 74.3303, 56.8243, 58.6686, 55.4617, 55.9464, 61.2699, 60.4152, 114.612, 114.612, 110.535, 117.184, 114.495, 111.893, 49.7695, 48.7647, 50.6952, 83.3847, 85.235, 83.1926, 115.004, 114.039, 111.36, 36.6879, 35.1141, 33.8378, 118.68, 118.596, 121.565, 43.6005, 42.8019, 38.6005, 30.0832, 33.2415, 27.8568, 21, 27.074, 27.074, 28.1603, 25, 25, 37.9473, 39.8121, 39.5601, 19.9249, 21.3776, 21.2132, 12.083, 13.4536, 12.0416, 26.4008, 23.7065, 21.4709, 31.0644, 29.1548, 29.6816, 32.6497, 33.6155, 26.4197, 20.8806, 19.2354, 23.0868, 20.5913, 22.8254, 21.095, 32.0156, 31.5753, 26.6833, 29.8329, 29.2062, 31.1448, 43.909, 40.8167, 40.6079, 42.8019, 44.2041, 41.6773],
[70.8308, 66.9104, 66.3702, 21, 21.0238, 0, 1, 5.83095, 76.1577, 67.6831, 82.0975, 93.6056, 85.9069, 86.3308, 85, 68.4471, 71.3442, 79.1012, 89.0505, 91.7878, 78.1089, 77.1622, 131.7, 132.62, 70.6116, 104.676, 130.388, 13.8924, 115.974, 25.5539, 40.3113, 29.8329, 30, 33.541, 29.4109, 16.5529, 41.7612, 49.7293, 49.0408, 35.5106, 34.6699, 39.6232, 44.7772, 56.4004, 57.0088, 65.4905, 67.4759, 70.214, 66.1211, 66.1211, 69.3542, 24.0208, 22.2036, 23.1948, 21.3776, 21.3776, 22.3607, 3.16228, 3.60555, 3, 3.16228, 4.47214, 3, 3.60555, 7, 7, 78.7718, 76.0066, 73.5731, 67.082, 70.214, 70.406, 79.0569, 85.0941, 85.0529, 92.72, 97.4166, 96.1665, 88.1022, 88.2383, 84.6936, 87.3212, 85.4225, 89.4707, 82.2922, 88.1022, 87.7269, 67.897, 68.1542, 71.3863, 69.1158, 74.4312, 73.1095, 82.0975, 82.0975, 82.0549, 91, 87.0057, 92.1358, 94.541, 89.4707, 92.1358, 75.6108, 77.2528, 74.6324, 75.2861, 80.3243, 79.6994, 132.914, 132.914, 128.95, 135.772, 133.33, 130.269, 69.3758, 69.0507, 71.0211, 102.786, 104.695, 102.181, 133.417, 132.774, 130.173, 17.2047, 16.2788, 14.8661, 113.635, 113, 116.619, 28.6531, 28.178, 24.1661, 41.8688, 43.1393, 39.8246, 29, 32.2025, 32.2025, 32.45, 31.8904, 31.8904, 36.1386, 35.2278, 36.6742, 32.45, 32.0156, 31.241, 18.868, 15, 13.8924, 44.5982, 43.1741, 41, 49.6488, 49.0306, 48.3839, 51.923, 52.4976, 45.607, 33.0151, 34, 35, 35.3553, 37.2156, 36.2353, 41.7253, 40.3609, 36.7967, 47.5395, 47.1699, 48.3322, 56.7274, 54.037, 55.4707, 57.4282, 58.8218, 54.6717],
[71.8053, 67.897, 67.3647, 22, 22.0227, 1, 0, 6.7082, 77.026, 68.6586, 83.0963, 94.5569, 86.8159, 87.2353, 85.9069, 69.4262, 72.3395, 80.0999, 90.05, 92.7038, 79.0569, 78.1089, 132.62, 133.54, 71.5891, 105.622, 131.309, 13.0384, 115.849, 25.0599, 41.0366, 30.4795, 30.6105, 33.7343, 30.2324, 17.4642, 42.72, 50.6952, 50, 36.3593, 35.5106, 40.3609, 45.6946, 57.2014, 57.8014, 66.4831, 68.469, 71.1969, 67.1193, 67.1193, 70.3491, 25.02, 23.1948, 24.1868, 22.3607, 22.3607, 23.3452, 4.12311, 2.82843, 2, 3, 3.60555, 3.16228, 4.24264, 8, 8, 79.6492, 76.8505, 74.4312, 68.0661, 71.1969, 71.3863, 80.0562, 86.093, 86.0523, 93.6803, 98.3717, 97.1236, 89, 89.1572, 85.6154, 88.2383, 86.3134, 90.377, 83.1926, 89, 88.6397, 68.884, 69.1231, 72.3671, 70.1142, 75.4255, 74.108, 83.0963, 83.0963, 83.0542, 92, 88.0057, 93.1343, 95.462, 90.377, 93.0376, 76.5506, 78.1857, 75.5844, 76.243, 81.2711, 80.6536, 133.825, 133.825, 129.865, 136.693, 134.261, 131.183, 70.342, 70.0357, 72.0069, 103.74, 105.65, 103.121, 134.332, 133.701, 131.103, 16.4012, 15.5563, 14.1421, 113.534, 112.872, 116.52, 28.178, 27.7308, 23.7697, 42.638, 43.8406, 40.6079, 29.7321, 32.8024, 32.8024, 33.0151, 32.5576, 32.5576, 36.4006, 35.3553, 36.8782, 33.2866, 32.8024, 32.0156, 19.7231, 15.8114, 14.7648, 45.5412, 44.1475, 41.9762, 50.5964, 50.01, 49.3356, 52.8867, 53.4509, 46.5725, 33.8378, 34.8855, 35.805, 36.2353, 38.0789, 37.1214, 42.4264, 41.0366, 37.5366, 48.4665, 48.1041, 49.2443, 57.4891, 54.8179, 56.3028, 58.2495, 59.6406, 55.4437],
[65.307, 61.5224, 61.131, 16.2788, 16.4924, 5.83095, 6.7082, 0, 70.3278, 62.1691, 77.0065, 89.8888, 82.7647, 83.2406, 81.8841, 62.9682, 66.1211, 74.3303, 84.214, 86.0058, 72.4224, 71.4703, 125.925, 126.846, 65.1153, 98.9798, 124.615, 17.4642, 113.772, 26.1725, 34.6554, 24.4131, 24.6982, 30.0167, 23.6008, 10.7703, 36.1386, 44.1475, 43.4166, 29.6816, 28.8444, 33.9411, 39, 50.6063, 51.225, 60.208, 62.2013, 64.7765, 61.0082, 61.0082, 64.1249, 19.105, 17, 18.9737, 17.4642, 17.4642, 18.3848, 4.47214, 9.43398, 8.544, 6, 9.05539, 7.81025, 3, 3.60555, 3.60555, 72.9452, 70.1783, 67.7422, 61.6604, 64.7765, 64.9384, 74, 80.0062, 80, 88.8651, 93.6376, 92.358, 85.0882, 84.9706, 81.3941, 84.0773, 82.4924, 86.3539, 79.2591, 85.0882, 84.534, 62.514, 62.5859, 65.9242, 64.0078, 69.1809, 68.0074, 77.3175, 77.3175, 77.2334, 86.0523, 82.0975, 87.367, 88.7694, 83.672, 86.3308, 69.8928, 71.5122, 68.9638, 69.6419, 74.6324, 74.0405, 127.122, 127.122, 123.167, 130, 127.581, 124.483, 63.7887, 63.6396, 65.6201, 97.1236, 99.0404, 96.4624, 127.632, 127.016, 124.423, 20.2485, 18.7883, 17.4642, 111.306, 110.82, 114.272, 29.0689, 28.4253, 24.2074, 36.1248, 37.5366, 34.0588, 23.3452, 26.9258, 26.9258, 27.2947, 26.4008, 26.4008, 32.249, 32.0156, 33.0606, 26.6271, 26.2488, 25.4951, 13.0384, 9.21954, 8.06226, 38.8973, 37.6563, 35.5106, 43.9659, 43.566, 42.72, 46.3249, 46.8402, 40.025, 27.2029, 28.178, 29.2062, 29.5296, 31.3847, 30.4138, 36.1248, 34.8281, 31.1127, 41.7852, 41.4367, 42.5441, 50.9902, 48.2701, 49.6488, 51.614, 53.0094, 48.9183],
[22.2036, 27, 31, 58.8982, 59.5483, 76.1577, 77.026, 70.3278, 0, 23, 37.5766, 70.8378, 74.9667, 75.9539, 74.8131, 24.0208, 31.4006, 43.9659, 47.0106, 18.0278, 15.2643, 14.7648, 56.7539, 57.7235, 23.1948, 33.2415, 55.5428, 83.9345, 111.759, 80.604, 38.3275, 49.3356, 50, 60.208, 46.9574, 59.6825, 36.7696, 30.8058, 30.6105, 40.7063, 41.5933, 38.6005, 32.0156, 21.3776, 21.2132, 30.0167, 30.0167, 25.1794, 34, 34, 31.1448, 55.9732, 56.2228, 59.4138, 61.5549, 61.5549, 60.8276, 74.0945, 79.7559, 78.7718, 75.591, 78.7147, 77.6981, 72.9452, 70.1783, 70.1783, 3, 3.60555, 3, 26, 25.1794, 24.1868, 37.3363, 38.9487, 39.8246, 68.0074, 72.2357, 70.9366, 78.0897, 74.5252, 72.0069, 74.3303, 77.6466, 77.4661, 74.4312, 78.0897, 75.3127, 27.0185, 21, 24.3311, 34.1321, 31.0483, 34.7131, 44.9444, 44.9444, 44.0114, 45.4863, 44.2945, 50.2494, 21.0238, 15, 17.1172, 13, 11.6619, 15.8114, 17.088, 15.6205, 17.2047, 57.5674, 57.5674, 53.8516, 60.8769, 59.0339, 55.0818, 20.025, 26.0768, 26.3059, 32.7567, 34.7131, 30.1496, 58.2409, 58.2495, 55.9017, 84.7585, 82.5409, 81.9329, 108.208, 109.713, 110.309, 81.0494, 80.0625, 77.666, 35.7351, 36.6742, 37.3363, 48.4665, 48.5077, 48.5077, 49.2443, 47.1275, 47.1275, 57.0789, 62.0725, 59.0339, 43.8292, 44.7772, 45.6946, 57.3062, 61.2944, 62.2656, 33.2415, 36.8782, 38.9487, 29.0689, 33.2866, 30.4795, 28.8444, 27.2029, 34.0588, 43.382, 42.19, 41.6293, 40.8167, 38.9487, 39.9625, 37.855, 39.8121, 41.1096, 29.7321, 30.4138, 28.4253, 23.0217, 24.3311, 21.1896, 19.6469, 18.4391, 24.1868],
[3.16228, 4, 8, 47.4342, 47.7598, 67.6831, 68.6586, 62.1691, 23, 0, 19.4165, 49.6488, 52.3927, 53.3667, 52.1728, 1.41421, 9.43398, 23.0217, 29.2062, 28.4253, 12.8062, 12.2066, 66.2873, 67.1193, 3, 38.0789, 64.8999, 78.4092, 128.69, 79.3095, 39.2173, 47.676, 48.8365, 62.6418, 42.0476, 51.6236, 26.1725, 18.1108, 19.0263, 36.2215, 37.2156, 38.8973, 25.1794, 28.3196, 29, 7.07107, 7.07107, 3.60555, 11, 11, 8.544, 44.2719, 45.607, 46.6154, 48.8467, 48.8467, 47.927, 65, 71.0634, 70.6116, 68.0661, 71.1969, 68.4105, 65.1153, 60.8769, 60.8769, 23.1948, 26.0768, 23.1948, 3, 3.60555, 3.16228, 17.6918, 21.9545, 22.4722, 47.0106, 51.6236, 50.2494, 55.5428, 52.2015, 49.4773, 51.923, 54.9181, 55.0818, 51.6236, 55.5428, 52.8867, 4.12311, 2, 4.12311, 11.4018, 10.6301, 13.0384, 24.8395, 24.8395, 24.0832, 29.1548, 26.4008, 32.8024, 30.4138, 27.4591, 30.2324, 12.083, 14.3178, 9.43398, 9.21954, 14.8661, 13.4536, 68.0074, 68.0074, 63.8201, 70.1783, 67.2309, 65.215, 3.16228, 3.60555, 5, 35.7771, 37.5766, 36.0555, 68.2422, 66.888, 64.1405, 80.1561, 78.1025, 77.1622, 125.252, 126.372, 127.613, 80.6226, 79.6304, 76.3217, 36.0555, 39.3954, 36.4006, 45.2769, 48.2701, 48.2701, 49.4773, 45.8912, 45.8912, 60.407, 65.146, 62.6259, 39.1152, 41.3038, 42.2966, 50.2494, 54.3323, 54.5894, 24, 24.5153, 26.6833, 19.0263, 18.6815, 20, 16.0312, 16.0312, 22.2036, 39.2046, 36.0139, 38.4708, 35.0571, 34.2345, 34.0588, 39.9249, 41.7852, 40.2616, 22.2036, 22.0907, 22.561, 31.8277, 30.6105, 25.6125, 26.1725, 26.1725, 31.241],
[17.6918, 17.4642, 16.2788, 61.131, 61.2046, 82.0975, 83.0963, 77.0065, 37.5766, 19.4165, 0, 33.7343, 40.1995, 41.1947, 40.3113, 18.0278, 11.4018, 8.544, 9.8995, 33.0606, 22.4722, 22.8473, 61.8466, 62.482, 17.0294, 34.4819, 60.4401, 94.0479, 147.411, 96.6902, 58.1808, 65.8027, 67.0522, 81.3449, 59.439, 67.0671, 42.7551, 35.171, 36.4006, 54.1202, 55.0818, 57.7754, 43.3244, 47.634, 48.2701, 17.4642, 15.5242, 15.8114, 16, 16, 13.3417, 58.0775, 60.0083, 59.4138, 61.5224, 61.5224, 60.531, 79.1581, 85.2115, 85.0941, 83.006, 86.0233, 82.2982, 80.0062, 75.1066, 75.1066, 36.4006, 41.1461, 38.9487, 17.8885, 15.8114, 16.4012, 3.16228, 3, 3.16228, 30.8058, 34.7851, 33.5261, 43.1045, 39.0128, 37.2156, 39.0512, 43.4166, 42.0119, 40.7922, 43.1045, 40.05, 16.5529, 20.6155, 15.6205, 13, 8.94427, 9, 8, 8, 7, 9.84886, 7.07107, 13.4536, 33.3766, 34.0147, 36.0139, 24.5967, 26, 21.9545, 20.5913, 22.8035, 20.8806, 64.2028, 64.2028, 60, 65.192, 61.5549, 61.4003, 20.5183, 16.1245, 14.4222, 31.3847, 32.45, 34.0147, 64.0312, 61.6198, 58.7963, 96.1873, 94.2603, 93.1933, 143.934, 145.165, 146.219, 98.27, 97.2934, 93.7443, 55.0364, 58.5918, 55.1543, 63.0635, 66.7308, 66.7308, 68.0074, 64.195, 64.195, 79.3095, 83.9345, 81.5414, 56.7539, 59.203, 60.1664, 66.2722, 70.1783, 70.0643, 41.4849, 40.4475, 42.2966, 37, 34.5254, 37.6431, 33.5261, 34.176, 38.833, 57.0088, 53.3667, 56.6127, 52.6308, 52.2015, 51.6624, 59.0339, 60.8358, 58.8727, 40.4969, 40.1622, 41.2311, 51.0882, 50, 45, 45.4533, 45.3431, 50.6063],
[49.2443, 46.1411, 42.72, 73.9256, 73.5391, 93.6056, 94.5569, 89.8888, 70.8378, 49.6488, 33.7343, 0, 13.0384, 13.6015, 13.8924, 48.3011, 40.2492, 26.9258, 26, 66.1891, 56.0446, 56.3205, 87.0919, 87.4643, 48.3322, 63.7887, 85.7963, 107.224, 177.629, 114.039, 82.7587, 87.2009, 88.6002, 103.6, 79.6304, 82.2922, 63.8905, 58.6941, 60.1082, 76.0592, 76.8375, 82.0731, 67.1789, 76.844, 77.666, 44.1022, 43.0465, 46.5188, 40.2244, 40.2244, 41.1825, 71.5891, 74.2496, 70.9366, 72.45, 72.45, 71.5122, 90.4434, 95.8801, 96.4624, 95.5196, 98.0306, 92.72, 92.6984, 86.977, 86.977, 69.9214, 74.3303, 71.8679, 47.0106, 46.5188, 47.4236, 33.5261, 33.2415, 32.249, 3, 4, 3.16228, 14.1421, 10, 11.7047, 10.8167, 16.4012, 12.0416, 16.5529, 14.1421, 11.4018, 45.6508, 51.4296, 47.0106, 38.5876, 39.9249, 36.6742, 25.9615, 25.9615, 26.9258, 29.0689, 28.0713, 24.1868, 66.0303, 67.4759, 69.2604, 57.8705, 59.4811, 55.0273, 53.7587, 56.5155, 54.5711, 89.8888, 89.8888, 86.0349, 89.5545, 85.4927, 87.3155, 51.8941, 46.0652, 45.1885, 60.6712, 61, 64.3817, 89.3196, 86.0058, 83.3847, 110.136, 108.632, 107.336, 174.256, 175.206, 176.709, 116.297, 115.412, 111.364, 79.9062, 84.1487, 79.2465, 83.8153, 89.0225, 89.0225, 90.4268, 86.2149, 86.2149, 102.45, 106.4, 104.637, 77.801, 80.604, 81.4002, 82.7647, 85.8662, 85, 64.3817, 61.0737, 62.0081, 61.5549, 56.5862, 61.5224, 58.0517, 59.5483, 60.8769, 78.4092, 74.2024, 78.8733, 74.027, 74.5185, 73.2462, 84.1487, 85.5862, 82.2192, 65.0692, 64.3506, 66.5282, 80.4487, 78.6003, 73.8173, 74.8866, 75.1665, 79.404],
[52.7731, 48.5077, 44.643, 67.4166, 66.888, 85.9069, 86.8159, 82.7647, 74.9667, 52.3927, 40.1995, 13.0384, 0, 1, 1, 51.1957, 43.566, 32.0156, 34.7851, 73.2462, 61.131, 61.2046, 97.9439, 98.387, 51.788, 73.0821, 96.6075, 99.7447, 177.341, 107.912, 80.604, 83.4386, 84.8528, 99.7246, 75.6637, 76.2758, 61.2209, 57.4543, 58.8303, 73, 73.6614, 79.8123, 65.4599, 77.3886, 78.2943, 45.8803, 45.3542, 49.8197, 41.7612, 41.7612, 43.9318, 65.4599, 68.2422, 64.1405, 65.3682, 65.3682, 64.4981, 82.7647, 87.8465, 88.6397, 88.1022, 90.377, 84.6936, 85.4225, 79.6053, 79.6053, 74.5453, 78.2624, 75.505, 49.4773, 49.8197, 50.8035, 39.0128, 40.6079, 39.6232, 14.8661, 16.5529, 16.1245, 3.16228, 3.16228, 3, 2.23607, 3.60555, 3.60555, 4, 3.16228, 2, 48.2701, 54.3415, 50.636, 41, 44.1814, 40.3113, 32.249, 32.249, 33.2415, 38.2753, 36.1386, 34.0147, 73.5527, 74.0608, 76.1643, 62.3939, 64.2806, 59.4138, 58.3095, 62.0322, 60.0333, 100.648, 100.648, 96.6644, 100.648, 96.6488, 97.9898, 55.109, 49.0306, 48.6621, 69.9214, 70.5195, 73.2462, 100.18, 97.0618, 94.3663, 102.859, 101.533, 100.185, 174.072, 174.794, 176.647, 110.386, 109.554, 105.395, 78.0064, 82.4197, 77.0065, 79.9062, 85.5862, 85.5862, 87, 82.7587, 82.7587, 99.0051, 102.552, 101.119, 74.2765, 77.1038, 77.7946, 77.201, 79.8812, 78.7718, 62.426, 58.4123, 58.8982, 60.5392, 54.9181, 60.208, 57.3062, 59.0593, 58.8218, 75.0067, 70.7672, 75.8222, 70.8378, 71.7008, 70.1783, 82.201, 83.4086, 79.511, 63.8122, 62.9682, 65.5134, 80.9568, 78.7147, 74.2496, 75.6439, 76.1577, 79.6053],
[53.7587, 49.4773, 45.607, 67.9559, 67.4166, 86.3308, 87.2353, 83.2406, 75.9539, 53.3667, 41.1947, 13.6015, 1, 0, 1.41421, 52.1728, 44.5533, 33.0151, 35.7351, 74.2428, 62.1289, 62.2013, 98.8433, 99.2824, 52.7731, 74.0405, 97.509, 100.18, 178.194, 108.453, 81.4002, 84.1487, 85.5628, 100.419, 76.3675, 76.844, 62.0081, 58.3095, 59.6825, 73.7564, 74.411, 80.604, 66.2873, 78.2943, 79.2023, 46.8402, 46.3249, 50.8035, 42.72, 42.72, 44.911, 66.0303, 68.8186, 64.6607, 65.8635, 65.8635, 65, 83.1926, 88.2383, 89.0505, 88.5494, 90.802, 85.0882, 85.8836, 80.0625, 80.0625, 75.5381, 79.2465, 76.4853, 50.448, 50.8035, 51.788, 40.0125, 41.5933, 40.6079, 15.5563, 17, 16.6433, 2.23607, 3.60555, 4, 2.82843, 2.82843, 3.16228, 4.12311, 2.23607, 2.23607, 49.2443, 55.3173, 51.6236, 41.9762, 45.1774, 41.3038, 33.2415, 33.2415, 34.2345, 39.2173, 37.108, 34.9285, 74.5453, 75.06, 77.1622, 63.3877, 65.2763, 60.407, 59.3043, 63.0317, 61.0328, 101.553, 101.553, 97.5756, 101.533, 97.5295, 98.8989, 56.0892, 50.01, 49.6488, 70.8802, 71.4703, 74.2159, 101.079, 97.949, 95.2575, 103.31, 102, 100.648, 174.929, 175.642, 177.508, 110.941, 110.114, 105.948, 78.8162, 83.2346, 77.801, 80.6102, 86.3134, 86.3134, 87.7269, 83.4865, 83.4865, 99.7246, 103.247, 101.833, 75.0067, 77.8332, 78.5175, 77.801, 80.4487, 79.3221, 63.2456, 59.203, 59.6657, 61.4003, 55.7584, 61.0574, 58.1808, 59.9416, 59.6406, 75.743, 71.5052, 76.5768, 71.5891, 72.4707, 70.9366, 83.006, 84.2021, 80.2808, 64.6607, 63.8122, 66.3702, 81.8596, 79.6053, 75.1532, 76.5572, 77.0779, 80.4984],
[52.6118, 48.2701, 44.3847, 66.5733, 66.0379, 85, 85.9069, 81.8841, 74.8131, 52.1728, 40.3113, 13.8924, 1, 1.41421, 0, 50.9902, 43.4166, 32.0624, 35.1141, 73.3348, 61.0737, 61.131, 98.387, 98.8382, 51.6236, 73.3757, 97.0464, 98.8433, 176.819, 107.07, 80, 82.7345, 84.1487, 99.0051, 74.9533, 75.452, 60.6053, 56.9386, 58.3095, 72.3464, 73, 79.2023, 64.8999, 76.9675, 77.8781, 45.607, 45.1221, 49.6488, 41.4849, 41.4849, 43.7379, 64.6375, 67.424, 63.2851, 64.4981, 64.4981, 63.6318, 81.8596, 86.9253, 87.7269, 87.2066, 89.4707, 83.7735, 84.534, 78.7147, 78.7147, 74.4312, 78.0897, 75.3127, 49.2443, 49.6488, 50.636, 39.0512, 40.7922, 39.8121, 15.6205, 17.4642, 17, 3.60555, 4.12311, 3.16228, 3.16228, 3.16228, 4.47214, 3, 3.60555, 3, 48.0521, 54.1295, 50.4876, 40.7922, 44.1022, 40.1995, 32.3883, 32.3883, 33.3766, 38.6264, 36.4006, 34.4384, 73.6817, 74.108, 76.2365, 62.2896, 64.195, 59.3043, 58.2151, 62.0081, 60.0083, 101.079, 101.079, 97.0824, 101.119, 97.1288, 98.4124, 54.9181, 48.8365, 48.5077, 70.214, 70.8378, 73.4983, 100.623, 97.5295, 94.8262, 101.966, 100.648, 99.2975, 173.557, 174.264, 176.139, 109.554, 108.724, 104.561, 77.4209, 81.8413, 76.4003, 79.196, 84.8999, 84.8999, 86.3134, 82.0731, 82.0731, 98.3107, 101.833, 100.419, 73.5935, 76.4199, 77.1038, 76.4003, 79.0569, 77.9359, 61.8547, 57.8014, 58.258, 60.0333, 54.3783, 59.6825, 56.8243, 58.5918, 58.2495, 74.3303, 70.0928, 75.1665, 70.1783, 71.0634, 69.527, 81.6088, 82.801, 78.8733, 63.2851, 62.434, 65, 80.5295, 78.2624, 73.8241, 75.2396, 75.7694, 79.1581],
[2.82843, 3.16228, 7.07107, 48.0833, 48.3839, 68.4471, 69.4262, 62.9682, 24.0208, 1.41421, 18.0278, 48.3011, 51.1957, 52.1728, 50.9902, 0, 8.06226, 21.6333, 27.8029, 28.6007, 13.0384, 12.53, 66.0303, 66.8506, 2.23607, 37.7359, 64.6375, 79.3095, 130.096, 80.399, 40.4969, 48.8365, 50.01, 63.8905, 43.1045, 52.469, 27.074, 19.0263, 20, 37.3363, 38.3275, 40.1622, 26.3059, 29.7321, 30.4138, 6.32456, 6, 2.23607, 10.0499, 10.0499, 7.28011, 44.9222, 46.3249, 47.1699, 49.3964, 49.3964, 48.4665, 65.7343, 71.8053, 71.3863, 68.884, 72.0069, 69.1231, 65.9242, 61.6117, 61.6117, 24.0832, 27.1662, 24.3311, 2.23607, 2.23607, 2, 16.2788, 20.5913, 21.095, 45.6508, 50.2494, 48.8774, 54.3415, 50.9608, 48.2701, 50.6952, 53.7587, 53.8516, 50.4876, 54.3415, 51.6624, 3, 3.16228, 3, 10.198, 9.21954, 11.6619, 23.4307, 23.4307, 22.6716, 27.7849, 25, 31.4006, 30.4795, 27.7849, 30.5287, 12.6491, 14.8661, 9.84886, 9.43398, 15, 13.4536, 67.8012, 67.8012, 63.6003, 69.8928, 66.888, 65, 4, 2.23607, 3.60555, 35.3553, 37.1214, 35.805, 68.0074, 66.5733, 63.8122, 81.0987, 79.0569, 78.1025, 126.657, 127.781, 129.016, 81.7435, 80.7527, 77.4145, 37.3363, 40.7185, 37.6431, 46.3897, 49.4773, 49.4773, 50.6952, 47.0744, 47.0744, 61.6847, 66.4078, 63.9062, 40.1995, 42.4264, 43.4166, 51.1566, 55.2268, 55.4437, 25.02, 25.318, 27.4591, 20.0998, 19.4165, 21.0238, 17, 17.1172, 23.0868, 40.3113, 37.054, 39.6232, 36.1248, 35.3553, 35.1283, 41.2311, 43.0813, 41.4849, 23.3452, 23.1948, 23.7697, 33.2415, 32.0156, 27.0185, 27.5862, 27.5862, 32.6497],
[9.21954, 6.40312, 5, 50.4876, 50.636, 71.3442, 72.3395, 66.1211, 31.4006, 9.43398, 11.4018, 40.2492, 43.566, 44.5533, 43.4166, 8.06226, 0, 13.6015, 20.5913, 32.6956, 18.2483, 18.1108, 67.2681, 68.0147, 8.24621, 38.8973, 65.8559, 83, 138.058, 85.3288, 46.9574, 54.4059, 55.6597, 70.0071, 48.0521, 56, 31.4006, 23.7697, 25, 42.72, 43.6807, 46.5188, 31.9531, 37.4833, 38.2099, 6.08276, 4.12311, 6.32456, 5.83095, 5.83095, 2, 47.3814, 49.163, 49.0306, 51.1957, 51.1957, 50.2195, 68.469, 74.5453, 74.3303, 72.111, 75.1665, 71.7008, 69.1158, 64.3817, 64.3817, 31.0644, 34.7131, 32.0156, 7.07107, 6.32456, 7.28011, 8.94427, 14.3178, 14.5602, 37.5899, 42.19, 40.8167, 46.6905, 43.1741, 40.6079, 42.9535, 46.2709, 46.0977, 43.1045, 46.6905, 43.9318, 5.65685, 11.1803, 7.07107, 3.60555, 3.16228, 3.60555, 15.5563, 15.5563, 14.8661, 21.1896, 17.8885, 24.1868, 34, 32.573, 35.1141, 19, 21.0238, 16, 15.0333, 19.6469, 17.72, 69.3109, 69.3109, 65.0692, 70.9366, 67.624, 66.4831, 11.7047, 5.83095, 5.09902, 36.1248, 37.6431, 37.5366, 69.3542, 67.4759, 64.6607, 85.0529, 83.0963, 82.0549, 134.629, 135.724, 137.004, 86.885, 85.9069, 82.3772, 43.8292, 47.5079, 43.8634, 51.6624, 55.3624, 55.3624, 56.648, 52.811, 52.811, 68.0294, 72.6154, 70.2638, 45.3542, 47.8017, 48.7647, 55.0818, 59.0339, 59, 30.0832, 29.1548, 31.0644, 25.632, 23.1948, 26.2488, 22.1359, 22.8473, 27.4591, 45.607, 41.9762, 45.2217, 41.2311, 40.8044, 40.2616, 47.8853, 49.6488, 47.5395, 29.1548, 28.7924, 29.9666, 41.0366, 39.6232, 34.6554, 35.3836, 35.4683, 40.3113],
[22.3607, 19.8494, 17.0294, 58.1378, 58.0775, 79.1012, 80.0999, 74.3303, 43.9659, 23.0217, 8.544, 26.9258, 32.0156, 33.0151, 32.0624, 21.6333, 13.6015, 0, 10.0499, 41.3038, 29.4279, 29.6142, 70, 70.6045, 21.4709, 42.9418, 68.6003, 91.6624, 151.648, 95.6033, 59.3633, 65.7951, 67.1193, 81.8413, 58.8727, 64.9384, 42.1545, 35.3553, 36.7151, 54.1295, 55.0364, 58.8303, 43.909, 50.9902, 51.7397, 18.4391, 16.9706, 19.7231, 15.2643, 15.2643, 14.8661, 55.2268, 57.4282, 56.0089, 58, 58, 57, 76.0592, 82.0244, 82.0975, 80.3057, 83.2166, 79.0063, 77.3175, 72.111, 72.111, 43.1741, 47.4342, 44.9444, 20.6155, 19.7231, 20.5913, 7, 10, 9.21954, 24.1661, 28.6531, 27.2947, 35, 31.0644, 29.0172, 31.0161, 35.1283, 34.0588, 32.3883, 35, 32.0156, 19.2094, 24.6982, 20.1246, 12.8062, 13, 10, 3, 3, 3.16228, 12.6491, 8.544, 13.0384, 41.7732, 42.0476, 44.1814, 31.0483, 32.7567, 28.1603, 26.9258, 30.1496, 28.1603, 72.4224, 72.4224, 68.2422, 73.2462, 69.527, 69.6348, 25.0599, 19.4165, 18.3576, 39.8246, 40.8167, 42.5441, 72.2011, 69.6563, 66.8431, 94.0479, 92.228, 91.0824, 148.223, 149.305, 150.602, 97.4166, 96.4624, 92.72, 56.3028, 60.2163, 56.0803, 62.7694, 67.082, 67.082, 68.4251, 64.405, 64.405, 80.1311, 84.534, 82.365, 56.4624, 59.0931, 60.0083, 64.5368, 68.2495, 67.897, 41.5933, 39.5601, 41.1096, 37.7359, 34.0147, 38.0789, 34.1321, 35.2278, 38.4838, 56.8595, 52.9245, 56.7979, 52.3927, 52.3259, 51.4781, 60.4649, 62.1289, 59.5399, 41.3401, 40.8167, 42.4382, 54.5619, 53.0377, 48.1041, 48.9183, 49.0408, 53.7587],
[27.5862, 26.9258, 25.0799, 68.0661, 68.0294, 89.0505, 90.05, 84.214, 47.0106, 29.2062, 9.8995, 26, 34.7851, 35.7351, 35.1141, 27.8029, 20.5913, 10.0499, 0, 40.3113, 31.7648, 32.249, 63.6318, 64.1405, 26.9072, 38.3275, 62.2656, 101.494, 157.29, 105.019, 67.5352, 74.6726, 75.9605, 90.471, 68.0074, 74.6726, 51.2445, 44.0114, 45.31, 62.9682, 63.9062, 67.082, 52.3927, 57.4891, 58.1378, 26.4008, 24.5967, 25.6125, 24.0416, 24.0416, 22.3607, 65.123, 67.2681, 66, 68.0074, 68.0074, 67.0075, 86.0233, 92.0054, 92.0489, 90.1998, 93.1343, 89, 87.2066, 82.0549, 82.0549, 45.618, 50.6063, 48.5489, 27.4591, 25.6125, 26.2488, 11.6619, 8.06226, 7.2111, 23, 26.3059, 25.1794, 37.3631, 32.9848, 31.9531, 33.2415, 38.2753, 35.9026, 36.2491, 37.3631, 34.2053, 26.0768, 30.4795, 25.4951, 21.1896, 18.6011, 17.4642, 7.07107, 7.07107, 7, 3.60555, 2.82843, 3.60555, 40.05, 41.7732, 43.4166, 34.1321, 35.3553, 31.6228, 30.2324, 31.7805, 29.9666, 66.242, 66.242, 62.1772, 66.5733, 62.6817, 63.5295, 30.4138, 25.807, 24.2074, 35.171, 35.7351, 38.6394, 65.8635, 62.9682, 60.208, 103.817, 101.966, 100.841, 153.808, 155.052, 156.083, 106.738, 105.773, 102.108, 64.4127, 68.0955, 64.405, 71.7844, 75.7694, 75.7694, 77.0779, 73.1642, 73.1642, 88.5664, 93.1075, 90.802, 65.4599, 68.0074, 68.9493, 74.1485, 77.9295, 77.6466, 50.3289, 48.7647, 50.448, 46.0977, 43.0116, 46.6154, 42.5441, 43.382, 47.4342, 65.7875, 61.9839, 65.5515, 61.3514, 61.0983, 60.407, 68.4763, 70.2353, 68.0294, 49.6588, 49.2443, 50.5371, 60.959, 59.8164, 54.8179, 55.3173, 55.2268, 60.4401],
[25.807, 31.6228, 34.9857, 73.0616, 73.5731, 91.7878, 92.7038, 86.0058, 18.0278, 28.4253, 33.0606, 66.1891, 73.2462, 74.2428, 73.3348, 28.6007, 32.6956, 41.3038, 40.3113, 0, 15.6205, 16.2788, 39.9249, 40.8534, 26.6271, 15.2971, 38.6264, 100.578, 126.036, 98.1529, 55.7315, 66.4906, 67.2681, 78.1025, 63.2456, 75.2396, 50.6063, 43.2666, 43.566, 56.921, 57.8705, 55.9017, 47.0106, 39.1152, 39.0512, 34.6699, 33.6155, 28.3019, 37.5899, 37.5899, 33.541, 69.9714, 70.7107, 72.9452, 75.1665, 75.1665, 74.3303, 89.4707, 95.3415, 94.541, 91.5478, 94.7048, 93.0376, 88.7694, 85.4283, 85.4283, 15.0333, 20.3961, 21.0238, 30.8058, 28.3019, 27.4591, 34.3657, 33.0151, 34.0147, 63.1981, 66.6108, 65.4905, 76.1643, 72.0625, 70.2567, 72.111, 76.4199, 75.06, 73.6817, 76.1643, 73.1095, 31.0644, 26.9072, 26.9258, 36.2491, 30.6757, 34.7851, 41.0488, 41.0488, 40.05, 37.6563, 38.1182, 42.7551, 3, 3.16228, 3.16228, 17.0294, 15, 19.105, 19.2094, 13.6015, 15.2643, 41.1461, 41.1461, 37.1618, 44.0114, 41.7612, 38.4838, 25.4951, 29.6816, 28.6531, 15.2315, 17.088, 12.1655, 41.6293, 41.1096, 38.6005, 101.651, 99.4585, 98.7623, 122.442, 124.201, 124.326, 98.732, 97.7394, 95.1893, 52.9528, 54.3323, 54.3415, 65.2533, 65.9242, 65.9242, 66.7533, 64.3273, 64.3273, 75.0267, 80.025, 77.0065, 60.0833, 61.4003, 62.3618, 73.1642, 77.2528, 78, 47.4131, 49.93, 52.1536, 42.5441, 45, 43.909, 41.0488, 39.9625, 47.1699, 59.7746, 57.9396, 58.2409, 56.648, 55.0273, 55.7136, 55.4437, 57.4282, 58.2495, 44.2832, 44.7214, 43.4626, 41, 42.107, 38.4708, 37.2156, 36.1248, 42.0476],
[10.2956, 16.1245, 19.6977, 58.6003, 59.0339, 78.1089, 79.0569, 72.4224, 15.2643, 12.8062, 22.4722, 56.0446, 61.131, 62.1289, 61.0737, 13.0384, 18.2483, 29.4279, 31.7648, 15.6205, 0, 1, 54.2033, 55.0727, 11.1803, 26.5707, 52.8394, 87.8635, 126.574, 87.0517, 45.0999, 55.0364, 56.0089, 68.469, 50.636, 61.6847, 36.4006, 28.6356, 29.1548, 44.4072, 45.3982, 45.0444, 33.7343, 30.3645, 30.6757, 19.2354, 18.3848, 13, 22.4722, 22.4722, 18.6815, 55.4617, 56.4624, 58.1808, 60.4152, 60.4152, 59.5399, 75.6108, 81.5966, 80.9568, 78.1601, 81.3204, 79.1202, 75.2861, 71.5122, 71.5122, 13.9284, 18.868, 17.0294, 15.2643, 13, 12.083, 22.561, 23.7065, 24.5967, 53.1601, 57.2451, 55.9732, 64.195, 60.407, 58.1378, 60.2993, 64.0312, 63.3877, 61, 64.195, 61.2944, 15.6525, 11.3137, 11.7047, 21.587, 17, 21.0238, 30.0832, 30.0832, 29.1204, 30.2324, 29.0689, 34.9857, 17.6918, 14.7648, 17.4929, 3.16228, 3.60555, 3.60555, 3.60555, 2.23607, 2.23607, 55.7584, 55.7584, 51.6236, 58.1808, 55.4617, 53, 9.8995, 14.3178, 13.6015, 24.7386, 26.6833, 24.1661, 56.0803, 55.0091, 52.3259, 89.2693, 87.1321, 86.3134, 123.045, 124.459, 125.208, 88, 87, 84.0536, 42.0476, 44.4072, 43, 53.2353, 55.0091, 55.0091, 56.0357, 53.0094, 53.0094, 65.7647, 70.7107, 67.897, 47.5184, 49.2544, 50.2494, 59.9083, 64.0312, 64.5601, 33.5261, 35.3412, 37.5766, 28.4605, 30.0167, 29.7321, 26.4008, 25.632, 32.6956, 47.3814, 44.911, 46.1736, 43.7379, 42.4264, 42.7551, 45.2769, 47.2652, 47, 30.8058, 31.0483, 30.4138, 33.2415, 33.2415, 28.6356, 28.1603, 27.5136, 33.5261],
[9.84886, 15.6525, 19.3132, 57.6975, 58.1378, 77.1622, 78.1089, 71.4703, 14.7648, 12.2066, 22.8473, 56.3205, 61.2046, 62.2013, 61.131, 12.53, 18.1108, 29.6142, 32.249, 16.2788, 1, 0, 55.0727, 55.9464, 10.7703, 27.5136, 53.7122, 86.885, 125.873, 86.0523, 44.1022, 54.037, 55.0091, 67.4759, 49.6488, 60.7289, 35.4683, 27.7308, 28.2312, 43.4166, 44.4072, 44.0454, 32.7567, 29.4109, 29.7321, 18.7883, 18.0278, 12.6491, 22.1359, 22.1359, 18.4391, 54.5619, 55.5428, 57.3062, 59.5399, 59.5399, 58.6686, 74.6726, 80.6536, 80.0062, 77.201, 80.3617, 78.1857, 74.3303, 70.5762, 70.5762, 13.6015, 18.3576, 16.4012, 14.7648, 12.6491, 11.7047, 22.8035, 24.1868, 25.0599, 53.4509, 57.5847, 56.3028, 64.2806, 60.531, 58.2151, 60.407, 64.0703, 63.5059, 61.0082, 64.2806, 61.4003, 15.2315, 10.6301, 11.4018, 21.3776, 17.0294, 21, 30.3645, 30.3645, 29.4109, 30.8058, 29.5296, 35.5106, 18.4391, 15.2643, 18.0278, 2.23607, 3.16228, 2.82843, 3.16228, 3.16228, 3.16228, 56.6039, 56.6039, 52.4786, 59.0593, 56.3649, 53.8516, 9.21954, 13.9284, 13.3417, 25.7099, 27.6586, 25.0799, 56.9386, 55.9017, 53.2259, 88.2836, 86.1452, 85.3288, 122.348, 123.746, 124.523, 87, 86, 83.0542, 41.0488, 43.4166, 42, 52.2398, 54.0093, 54.0093, 55.0364, 52.0096, 52.0096, 64.7765, 69.7209, 66.9104, 46.5296, 48.2597, 49.2544, 58.9406, 63.0635, 63.6003, 32.573, 34.4384, 36.6742, 27.5136, 29.1548, 28.7924, 25.4951, 24.6982, 31.7805, 46.3897, 43.9318, 45.1774, 42.7551, 41.4367, 41.7732, 44.2832, 46.2709, 46, 29.8329, 30.0832, 29.4279, 32.311, 32.28, 27.6586, 27.2029, 26.5707, 32.573],
[63.2456, 68.6003, 71.0634, 112.712, 113.177, 131.7, 132.62, 125.925, 56.7539, 66.2873, 61.8466, 87.0919, 97.9439, 98.8433, 98.387, 66.0303, 67.2681, 70, 63.6318, 39.9249, 54.2033, 55.0727, 0, 1, 63.8201, 28.4253, 1.41421, 140.407, 149.883, 137.317, 95.0789, 106.042, 106.738, 116.559, 103.121, 115.156, 90.3383, 82.7647, 83.1865, 96.7988, 97.7394, 95.3363, 86.9253, 78.1025, 77.8781, 71.218, 69.6563, 65, 73, 73, 68.7677, 109.59, 110.463, 112.379, 114.612, 114.612, 113.741, 129.356, 135.248, 134.462, 131.472, 134.629, 132.914, 128.693, 125.3, 125.3, 53.8516, 58.0517, 59.6657, 68.0074, 65, 64.405, 64.5368, 60, 60.803, 84.309, 85.703, 85.0941, 100.225, 95.7549, 95.2575, 96.1769, 101.518, 98.4886, 99.7647, 100.225, 97.0824, 67.8012, 65.192, 63.6003, 70.7672, 64.3817, 67.8822, 68.2422, 68.2422, 67.424, 60.0333, 62.9682, 63.9531, 37.1618, 42.3792, 39.8497, 56.356, 54.5619, 57.8014, 57.4543, 51.9711, 53, 3, 3, 3, 4.12311, 4.24264, 2.23607, 63.8122, 66.4003, 64.8151, 31.1448, 29.6985, 30.2324, 2.23607, 2.82843, 4, 141.382, 139.176, 138.521, 146.322, 148.647, 147.597, 137.674, 136.693, 134.391, 92.4446, 93.3916, 93.9628, 104.995, 105.262, 105.262, 105.991, 103.846, 103.846, 113.283, 118.229, 115.117, 99.96, 101.193, 102.142, 113.088, 117.175, 117.924, 87.2353, 89.4707, 91.7061, 82.2922, 84.2199, 83.6301, 80.5295, 79.6053, 86.7698, 99.6243, 97.8621, 98.0306, 96.566, 94.921, 95.6347, 94.5939, 96.5401, 97.8008, 84.1724, 84.5813, 83.3847, 79.4292, 81.0247, 77.8845, 76.4003, 75.1864, 80.8084],
[64.0703, 69.4046, 71.8401, 113.6, 114.061, 132.62, 133.54, 126.846, 57.7235, 67.1193, 62.482, 87.4643, 98.387, 99.2824, 98.8382, 66.8506, 68.0147, 70.6045, 64.1405, 40.8534, 55.0727, 55.9464, 1, 0, 64.6375, 29.2062, 2.23607, 141.354, 150.791, 138.293, 96.0469, 107.005, 107.703, 117.546, 104.062, 116.078, 91.236, 83.6481, 84.0773, 97.7394, 98.6813, 96.3016, 87.8465, 79.0759, 78.8543, 72.0069, 70.4344, 65.8027, 73.7564, 73.7564, 69.527, 110.476, 111.36, 113.252, 115.486, 115.486, 114.612, 130.269, 136.165, 135.385, 132.401, 135.558, 133.825, 129.619, 126.21, 126.21, 54.8179, 59.0339, 60.6383, 68.8186, 65.8027, 65.215, 65.192, 60.6053, 61.4003, 84.6936, 86.0349, 85.44, 100.648, 96.1769, 95.7131, 96.6075, 101.966, 98.8989, 100.24, 100.648, 97.509, 68.6003, 66.0379, 64.405, 71.5052, 65.1153, 68.593, 68.8186, 68.8186, 68.0074, 60.5392, 63.5138, 64.4127, 38.0789, 43.3244, 40.8044, 57.2451, 55.4617, 58.6686, 58.3095, 52.8394, 53.8516, 3.16228, 3.16228, 4, 3.16228, 3.60555, 3.16228, 64.6607, 67.2012, 65.6049, 31.8904, 30.4138, 31.0644, 2, 2.23607, 4.12311, 142.338, 140.132, 139.474, 147.231, 149.563, 148.499, 138.654, 137.674, 135.366, 93.4077, 94.3663, 94.921, 105.948, 106.231, 106.231, 106.963, 104.809, 104.809, 114.272, 119.218, 116.108, 100.901, 102.142, 103.092, 114.018, 118.106, 118.849, 88.1419, 90.3549, 92.5905, 83.1926, 85.0882, 84.5281, 81.4125, 80.4984, 87.6584, 100.568, 98.7927, 98.9798, 97.4987, 95.8593, 96.566, 95.5667, 97.5141, 98.7623, 85.0882, 85.4927, 84.309, 80.4114, 82, 78.848, 77.3692, 76.1577, 81.7863],
[1, 5, 8.544, 50.2892, 50.5964, 70.6116, 71.5891, 65.1153, 23.1948, 3, 17.0294, 48.3322, 51.788, 52.7731, 51.6236, 2.23607, 8.24621, 21.4709, 26.9072, 26.6271, 11.1803, 10.7703, 63.8201, 64.6375, 0, 35.5106, 62.426, 81.3941, 130.599, 82.2982, 42.0595, 50.636, 51.788, 65.521, 45.0444, 54.5894, 29.1548, 21.095, 22.0227, 39.2046, 40.1995, 41.7612, 28.1603, 30.6105, 31.241, 8.06226, 7.28011, 2, 11.4018, 11.4018, 8, 47.1275, 48.5077, 49.3964, 51.6236, 51.6236, 50.6952, 67.9117, 73.9797, 73.5459, 71.0211, 74.1485, 71.3092, 68.0661, 63.7887, 63.7887, 23, 26.4764, 23.7697, 4.24264, 2, 1, 15.6205, 19.4165, 20, 45.618, 50.1199, 48.7647, 54.9181, 51.4198, 48.8365, 51.1957, 54.4518, 54.3415, 51.2445, 54.9181, 52.1728, 4.47214, 3.60555, 1.41421, 11, 8.60233, 11.7047, 23.0217, 23.0217, 22.2036, 26.6271, 24.0832, 30.4795, 28.4253, 25.9422, 28.6531, 11.1803, 13.3417, 8.24621, 7.61577, 13.0384, 11.4018, 65.6049, 65.6049, 61.4003, 67.6757, 64.6607, 62.8013, 3.60555, 3.16228, 3.16228, 33.121, 34.8855, 33.6006, 65.8027, 64.3506, 61.5873, 83.1505, 81.0987, 80.1561, 127.142, 128.316, 129.468, 83.6002, 82.6075, 79.3095, 38.8973, 42.1545, 39.2938, 48.2597, 51.1957, 51.1957, 52.3927, 48.8365, 48.8365, 63.2456, 68.0074, 65.4599, 42.107, 44.2832, 45.2769, 53.2353, 57.3149, 57.5587, 27, 27.4591, 29.6142, 22.0227, 21.587, 23, 19.0263, 19.0263, 25.1794, 42.19, 39.0128, 41.4367, 38.0526, 37.2156, 37.054, 42.72, 44.5982, 43.1741, 25.1794, 25.0799, 25.4951, 34.0588, 33.0151, 28.0179, 28.4253, 28.3196, 33.6006],
